 0.1
0 0.2
0 0.3
0 0.4
0 0.5
0 0.6
0 0.7
0 0.8
0 0.9
0 1
0 1.1
0 1.2
0 1.3
0 1.4
0 1.5
0 1.6
0 1.7
0 1.8
0 1.9
0 2
0 2.1
0 2.2
0 2.3
0 2.4
0 2.5
0 2.6
0 2.7
0 2.8
0 2.9
0 3
0 3.1
0 3.2
0 3.3
0 3.4
0 3.5
0 3.6
0 3.7
0 3.8
0 3.9
0 4
0 4.1
0 4.2
0 4.3
0 4.4
0 4.5
0 4.6
0 4.7
0 4.8
0 4.9
0 5
0 5.1
0 5.2
0 5.3
0 5.4
0 5.5
0 5.6
0 5.7
0 5.8
0 5.9
0 6
0 6.1
0 6.2
0 6.3
0 6.4
0 6.5
0 6.6
0 6.7
0 6.8
0 6.9
0 7
0 7.1
0 7.2
0 7.3
0 7.4
0 7.5
0 7.6
0 7.7
0 7.8
0 7.9
0 8
0 8.1
0 8.2
0 8.3
0 8.4
0 8.5
0 8.6
0 8.7
0 8.8
0 8.9
0 9
0 9.1
0 9.2
0 9.3
0 9.4
0 9.5
0 9.6
0 9.7
0 9.8
0 9.9
0 10
0 10.1
0 10.2
0 10.3
0 10.4
0 10.5
0 10.6
0 10.7
0 10.8
0 10.9
0 11
0 11.1
0 11.2
0 11.3
0 11.4
0 11.5
0 11.6
0 11.7
0 11.8
0 11.9
0 12
0 12.1
0 12.2
0 12.3
0 12.4
0 12.5
0 12.6
0 12.7
0 12.8
0 12.9
0 13
0 13.1
0 13.2
0 13.3
0 13.4
0 13.5
0 13.6
0 13.7
0 13.8
0 13.9
0 14
0 14.1
0 14.2
0 14.3
0 14.4
0 14.5
0 14.6
0 14.7
0 14.8
0 14.9
0 15
0 15.1
0 15.2
0 15.3
0 15.4
0 15.5
0 15.6
0 15.7
0 15.8
0 15.9
0 16
0 16.1
0 16.2
0 16.3
0 16.4
0 16.5
0 16.6
0 16.7
0 16.8
0 16.9
0 17
0 17.1
0 17.2
0 17.3
0 17.4
0 17.5
0 17.6
0 17.7
0 17.8
0 17.9
0 18
0 18.1
0 18.2
0 18.3
0 18.4
0 18.5
0 18.6
0 18.7
0 18.8
0 18.9
0 19
0 19.1
0 19.2
0 19.3
0 19.4
0 19.5
0 19.6
0 19.7
0 19.8
0 19.9
0 20
0 20.1
0 20.2
0 20.3
0 20.4
0 20.5
0 20.6
0 20.7
0 20.8
0 20.9
0 21
0 21.1
0 21.2
0 21.3
0 21.4
0 21.5
0 21.6
0 21.7
0 21.8
0 21.9
0 22
0 22.1
0 22.2
0 22.3
0 22.4
0 22.5
0 22.6
0 22.7
0 22.8
0 22.9
0 23
0 23.1
0 23.2
0 23.3
0 23.4
0 23.5
0 23.6
0 23.7
0 23.8
0 23.9
0 24
0 24.1
0 24.2
0 24.3
0 24.4
0 24.5
0 24.6
0 24.7
0 24.8
0 24.9
0 25
0 25.1
0 25.2
0 25.3
0 25.4
0 25.5
0 25.6
0 25.7
0 25.8
0 25.9
0 26
0 26.1
0 26.2
0 26.3
0 26.4
0 26.5
0 26.6
0 26.7
0 26.8
0 26.9
0 27
0 27.1
0 27.2
0 27.3
0 27.4
0 27.5
0 27.6
0 27.7
0 27.8
0 27.9
0 28
0 28.1
0 28.2
0 28.3
0 28.4
0 28.5
0 28.6
0 28.7
0 28.8
0 28.9
0 29
0 29.1
0 29.2
0 29.3
0 29.4
0 29.5
0 29.6
0 29.7
0 29.8
0 29.9
0 30
0 30.1
0 30.2
0 30.3
0 30.4
0 30.5
0 30.6
0 30.7
0 30.8
0 30.9
0 31
0 31.1
0 31.2
0 31.3
0 31.4
0 31.5
0 31.6
0 31.7
0 31.8
0 31.9
0 32
0 32.1
0 32.2
0 32.3
0 32.4
0 32.5
0 32.6
0 32.7
0 32.8
0 32.9
0 33
0 33.1
0 33.2
0 33.3
0 33.4
0 33.5
0 33.6
0 33.7
0 33.8
0 33.9
0 34
0 34.1
0 34.2
0 34.3
0 34.4
0 34.5
0 34.6
0 34.7
0 34.8
0 34.9
0 35
0 35.1
0 35.2
0 35.3
0 35.4
0 35.5
0 35.6
0 35.7
0 35.8
0 35.9
0 36
0 36.1
0 36.2
0 36.3
0 36.4
0 36.5
0 36.6
0 36.7
0 36.8
0 36.9
0 37
0 37.1
0 37.2
0 37.3
0 37.4
0 37.5
0 37.6
0 37.7
0 37.8
0 37.9
0 38
0 38.1
0 38.2
0 38.3
0 38.4
0 38.5
0 38.6
0 38.7
0 38.8
0 38.9
0 39
0 39.1
0 39.2
0 39.3
0 39.4
0 39.5
0 39.6
0 39.7
0 39.8
0 39.9
0 40
0 40.1
0 40.2
0 40.3
0 40.4
0 40.5
0 40.6
0 40.7
0 40.8
0 40.9
0 41
0 41.1
0 41.2
0 41.3
0 41.4
0 41.5
0 41.6
0 41.7
0 41.8
0 41.9
0 42
0 42.1
0 42.2
0 42.3
0 42.4
0 42.5
0 42.6
0 42.7
0 42.8
0 42.9
0 43
0 43.1
0 43.2
0 43.3
0 43.4
0 43.5
0 43.6
0 43.7
0 43.8
0 43.9
0 44
0 44.1
0 44.2
0 44.3
0 44.4
0 44.5
0 44.6
0 44.7
0 44.8
0 44.9
0 45
0 45.1
0 45.2
0 45.3
0 45.4
0 45.5
0 45.6
0 45.7
0 45.8
0 45.9
0 46
0 46.1
0 46.2
0 46.3
0 46.4
0 46.5
0 46.6
0 46.7
0 46.8
0 46.9
0 47
0 47.1
0 47.2
0 47.3
0 47.4
0 47.5
0 47.6
0 47.7
0 47.8
0 47.9
0 48
0 48.1
0 48.2
0 48.3
0 48.4
0 48.5
0 48.6
0 48.7
0 48.8
0 48.9
0 49
0 49.1
0 49.2
0 49.3
0 49.4
0 49.5
0 49.6
0 49.7
0 49.8
0 49.9
0 50
0 50.1
0 50.2
0 50.3
0 50.4
0 50.5
0 50.6
0 50.7
0 50.8
0 50.9
0 51
0 51.1
0 51.2
0 51.3
0 51.4
0 51.5
0 51.6
0 51.7
0 51.8
0 51.9
0 52
0 52.1
0 52.2
0 52.3
0 52.4
0 52.5
0 52.6
0 52.7
0 52.8
0 52.9
0 53
0 53.1
0 53.2
0 53.3
0 53.4
0 53.5
0 53.6
0 53.7
0 53.8
0 53.9
0 54
0 54.1
0 54.2
0 54.3
0 54.4
0 54.5
0 54.6
0 54.7
0 54.8
0 54.9
0 55
0 55.1
0 55.2
0 55.3
0 55.4
0 55.5
0 55.6
0 55.7
0 55.8
0 55.9
0 56
0 56.1
0 56.2
0 56.3
0 56.4
0 56.5
0 56.6
0 56.7
0 56.8
0 56.9
0 57
0 57.1
0 57.2
0 57.3
0 57.4
0 57.5
0 57.6
0 57.7
0 57.8
0 57.9
0 58
0 58.1
0 58.2
0 58.3
0 58.4
0 58.5
0 58.6
0 58.7
0 58.8
0 58.9
0 59
0 59.1
0 59.2
0 59.3
0 59.4
0 59.5
0 59.6
0 59.7
0 59.8
0 59.9
0 60
0 60.1
0 60.2
0 60.3
0 60.4
0 60.5
0 60.6
0 60.7
0 60.8
0 60.9
0 61
0 61.1
0 61.2
0 61.3
0 61.4
0 61.5
0 61.6
0 61.7
0 61.8
0 61.9
0 62
0 62.1
0 62.2
0 62.3
0 62.4
0 62.5
0 62.6
0 62.7
0 62.8
0 62.9
0 63
0 63.1
0 63.2
0 63.3
0 63.4
0 63.5
0 63.6
0 63.7
0 63.8
0 63.9
0 64
0 64.1
0 64.2
0 64.3
0 64.4
0 64.5
0 64.6
0 64.7
0 64.8
0 64.9
0 65
0 65.1
0 65.2
0 65.3
0 65.4
0 65.5
0 65.6
0 65.7
0 65.8
0 65.9
0 66
0 66.1
0 66.2
0 66.3
0 66.4
0 66.5
0 66.6
0 66.7
0 66.8
0 66.9
0 67
0 67.1
0 67.2
0 67.3
0 67.4
0 67.5
0 67.6
0 67.7
0 67.8
0 67.9
0 68
0 68.1
0 68.2
0 68.3
0 68.4
0 68.5
0 68.6
0 68.7
0 68.8
0 68.9
0 69
0 69.1
0 69.2
0 69.3
0 69.4
0 69.5
0 69.6
0 69.7
0 69.8
0 69.9
0 70
0 70.1
0 70.2
0 70.3
0 70.4
0 70.5
0 70.6
0 70.7
0 70.8
0 70.9
0 71
0 71.1
0 71.2
0 71.3
0 71.4
0 71.5
0 71.6
0 71.7
0 71.8
0 71.9
0 72
0 72.1
0 72.2
0 72.3
0 72.4
0 72.5
0 72.6
0 72.7
0 72.8
0 72.9
0 73
0 73.1
0 73.2
0 73.3
0 73.4
0 73.5
0 73.6
0 73.7
0 73.8
0 73.9
0 74
0 74.1
0 74.2
0 74.3
0 74.4
0 74.5
0 74.6
0 74.7
0 74.8
0 74.9
0 75
0 75.1
0 75.2
0 75.3
0 75.4
0 75.5
0 75.6
0 75.7
0 75.8
0 75.9
0 76
0 76.1
0 76.2
0 76.3
0 76.4
0 76.5
0 76.6
0 76.7
0 76.8
0 76.9
0 77
0 77.1
0 77.2
0 77.3
0 77.4
0 77.5
0 77.6
0 77.7
0 77.8
0 77.9
0 78
0 78.1
0 78.2
0 78.3
0 78.4
0 78.5
0 78.6
0 78.7
0 78.8
0 78.9
0 79
0 79.1
0 79.2
0 79.3
0 79.4
0 79.5
0 79.6
0 79.7
0 79.8
0 79.9
0 80
0 80.1
0 80.2
0 80.3
0 80.4
0 80.5
0 80.6
0 80.7
0 80.8
0 80.9
0 81
0 81.1
0 81.2
0 81.3
0 81.4
0 81.5
0 81.6
0 81.7
0 81.8
0 81.9
0 82
0 82.1
0 82.2
0 82.3
0 82.4
0 82.5
0 82.6
0 82.7
0 82.8
0 82.9
0 83
0 83.1
0 83.2
0 83.3
0 83.4
0 83.5
0 83.6
0 83.7
0 83.8
0 83.9
0 84
0 84.1
0 84.2
0 84.3
0 84.4
0 84.5
0 84.6
0 84.7
0 84.8
0 84.9
0 85
0 85.1
0 85.2
0 85.3
0 85.4
0 85.5
0 85.6
0 85.7
0 85.8
0 85.9
0 86
0 86.1
0 86.2
0 86.3
0 86.4
0 86.5
0 86.6
0 86.7
0 86.8
0 86.9
0 87
0 87.1
0 87.2
0 87.3
0 87.4
0 87.5
0 87.6
0 87.7
0 87.8
0 87.9
0 88
0 88.1
0 88.2
0 88.3
0 88.4
0 88.5
0 88.6
0 88.7
0 88.8
0 88.9
0 89
0 89.1
0 89.2
0 89.3
0 89.4
0 89.5
0 89.6
0 89.7
0 89.8
0 89.9
0 90
0 90.1
0 90.2
0 90.3
0 90.4
0 90.5
0 90.6
0 90.7
0 90.8
0 90.9
0 91
0 91.1
0 91.2
0 91.3
0 91.4
0 91.5
0 91.6
0 91.7
0 91.8
0 91.9
0 92
0 92.1
0 92.2
0 92.3
0 92.4
0 92.5
0 92.6
0 92.7
0 92.8
0 92.9
0 93
0 93.1
0 93.2
0 93.3
0 93.4
0 93.5
0 93.6
0 93.7
0 93.8
0 93.9
0 94
0 94.1
0 94.2
0 94.3
0 94.4
0 94.5
0 94.6
0 94.7
0 94.8
0 94.9
0 95
0 95.1
0 95.2
0 95.3
0 95.4
0 95.5
0 95.6
0 95.7
0 95.8
0 95.9
0 96
0 96.1
0 96.2
0 96.3
0 96.4
0 96.5
0 96.6
0 96.7
0 96.8
0 96.9
0 97
0 97.1
0 97.2
0 97.3
0 97.4
0 97.5
0 97.6
0 97.7
0 97.8
0 97.9
0 98
0 98.1
0 98.2
0 98.3
0 98.4
0 98.5
0 98.6
0 98.7
0 98.8
0 98.9
0 99
0 99.1
0 99.2
0 99.3
0 99.4
0 99.5
0 99.6
0 99.7
0 99.8
0 99.9
0 100
0 100.1
0 100.2
0 100.3
0 100.4
0 100.5
0 100.6
0 100.7
0 100.8
0 100.9
0 101
0 101.1
0 101.2
0 101.3
0 101.4
0 101.5
0 101.6
0 101.7
0 101.8
0 101.9
0 102
0 102.1
0 102.2
0 102.3
0 102.4
0 102.5
0 102.6
0 102.7
0 102.8
0 102.9
0 103
0 103.1
0 103.2
0 103.3
0 103.4
0 103.5
0 103.6
0 103.7
0 103.8
0 103.9
0 104
0 104.1
0 104.2
0 104.3
0 104.4
0 104.5
0 104.6
0 104.7
0 104.8
0 104.9
0 105
0 105.1
0 105.2
0 105.3
0 105.4
0 105.5
0 105.6
0 105.7
0 105.8
0 105.9
0 106
0 106.1
0 106.2
0 106.3
0 106.4
0 106.5
0 106.6
0 106.7
0 106.8
0 106.9
0 107
0 107.1
0 107.2
0 107.3
0 107.4
0 107.5
0 107.6
0 107.7
0 107.8
0 107.9
0 108
0 108.1
0 108.2
0 108.3
0 108.4
0 108.5
0 108.6
0 108.7
0 108.8
0 108.9
0 109
0 109.1
0 109.2
0 109.3
0 109.4
0 109.5
0 109.6
0 109.7
0 109.8
0 109.9
0 110
0 110.1
0 110.2
0 110.3
0 110.4
0 110.5
0 110.6
0 110.7
0 110.8
0 110.9
0 111
0 111.1
0 111.2
0 111.3
0 111.4
0 111.5
0 111.6
0 111.7
0 111.8
0 111.9
0 112
0 112.1
0 112.2
0 112.3
0 112.4
0 112.5
0 112.6
0 112.7
0 112.8
0 112.9
0 113
0 113.1
0 113.2
0 113.3
0 113.4
0 113.5
0 113.6
0 113.7
0 113.8
0 113.9
0 114
0 114.1
0 114.2
0 114.3
0 114.4
0 114.5
0 114.6
0 114.7
0 114.8
0 114.9
0 115
0 115.1
0 115.2
0 115.3
0 115.4
0 115.5
0 115.6
0 115.7
0 115.8
0 115.9
0 116
0 116.1
0 116.2
0 116.3
0 116.4
0 116.5
0 116.6
0 116.7
0 116.8
0 116.9
0 117
0 117.1
0 117.2
0 117.3
0 117.4
0 117.5
0 117.6
0 117.7
0 117.8
0 117.9
0 118
0 118.1
0 118.2
0 118.3
0 118.4
0 118.5
0 118.6
0 118.7
0 118.8
0 118.9
0 119
0 119.1
0 119.2
0 119.3
0 119.4
0 119.5
0 119.6
0 119.7
0 119.8
0 119.9
0 120
0 120.1
0 120.2
0 120.3
0 120.4
0 120.5
0 120.6
0 120.7
0 120.8
0 120.9
0 121
0 121.1
0 121.2
0 121.3
0 121.4
0 121.5
0 121.6
0 121.7
0 121.8
0 121.9
0 122
0 122.1
0 122.2
0 122.3
0 122.4
0 122.5
0 122.6
0 122.7
0 122.8
0 122.9
0 123
0 123.1
0 123.2
0 123.3
0 123.4
0 123.5
0 123.6
0 123.7
0 123.8
0 123.9
0 124
0 124.1
0 124.2
0 124.3
0 124.4
0 124.5
0 124.6
0 124.7
0 124.8
0 124.9
0 125
0 125.1
0 125.2
0 125.3
0 125.4
0 125.5
0 125.6
0 125.7
0 125.8
0 125.9
0 126
0 126.1
0 126.2
0 126.3
0 126.4
0 126.5
0 126.6
0 126.7
0 126.8
0 126.9
0 127
0 127.1
0 127.2
0 127.3
0 127.4
0 127.5
0 127.6
0 127.7
0 127.8
0 127.9
0 128
0 128.1
0 128.2
0 128.3
0 128.4
0 128.5
0 128.6
0 128.7
0 128.8
0 128.9
0 129
0 129.1
0 129.2
0 129.3
0 129.4
0 129.5
0 129.6
0 129.7
0 129.8
0 129.9
0 130
0 130.1
0 130.2
0 130.3
0 130.4
0 130.5
0 130.6
0 130.7
0 130.8
0 130.9
0 131
0 131.1
0 131.2
0 131.3
0 131.4
0 131.5
0 131.6
0 131.7
0 131.8
0 131.9
0 132
0 132.1
0 132.2
0 132.3
0 132.4
0 132.5
0 132.6
0 132.7
0 132.8
0 132.9
0 133
0 133.1
0 133.2
0 133.3
0 133.4
0 133.5
0 133.6
0 133.7
0 133.8
0 133.9
0 134
0 134.1
0 134.2
0 134.3
0 134.4
0 134.5
0 134.6
0 134.7
0 134.8
0 134.9
0 135
0 135.1
0 135.2
0 135.3
0 135.4
0 135.5
0 135.6
0 135.7
0 135.8
0 135.9
0 136
0 136.1
0 136.2
0 136.3
0 136.4
0 136.5
0 136.6
0 136.7
0 136.8
0 136.9
0 137
0 137.1
0 137.2
0 137.3
0 137.4
0 137.5
0 137.6
0 137.7
0 137.8
0 137.9
0 138
0 138.1
0 138.2
0 138.3
0 138.4
0 138.5
0 138.6
0 138.7
0 138.8
0 138.9
0 139
0 139.1
0 139.2
0 139.3
0 139.4
0 139.5
0 139.6
0 139.7
0 139.8
0 139.9
0 140
0 140.1
0 140.2
0 140.3
0 140.4
0 140.5
0 140.6
0 140.7
0 140.8
0 140.9
0 141
0 141.1
0 141.2
0 141.3
0 141.4
0 141.5
0 141.6
0 141.7
0 141.8
0 141.9
0 142
0 142.1
0 142.2
0 142.3
0 142.4
0 142.5
0 142.6
0 142.7
0 142.8
0 142.9
0 143
0 143.1
0 143.2
0 143.3
0 143.4
0 143.5
0 143.6
0 143.7
0 143.8
0 143.9
0 144
0 144.1
0 144.2
0 144.3
0 144.4
0 144.5
0 144.6
0 144.7
0 144.8
0 144.9
0 145
0 145.1
0 145.2
0 145.3
0 145.4
0 145.5
0 145.6
0 145.7
0 145.8
0 145.9
0 146
0 146.1
0 146.2
0 146.3
0 146.4
0 146.5
0 146.6
0 146.7
0 146.8
0 146.9
0 147
0 147.1
0 147.2
0 147.3
0 147.4
0 147.5
0 147.6
0 147.7
0 147.8
0 147.9
0 148
0 148.1
0 148.2
0 148.3
0 148.4
0 148.5
0 148.6
0 148.7
0 148.8
0 148.9
0 149
0 149.1
0 149.2
0 149.3
0 149.4
0 149.5
0 149.6
0 149.7
0 149.8
0 149.9
0 150
0 150.1
0 150.2
0 150.3
0 150.4
0 150.5
0 150.6
0 150.7
0 150.8
0 150.9
0 151
0 151.1
0 151.2
0 151.3
0 151.4
0 151.5
0 151.6
0 151.7
0 151.8
0 151.9
0 152
0 152.1
0 152.2
0 152.3
0 152.4
0 152.5
0 152.6
0 152.7
0 152.8
0 152.9
0 153
0 153.1
0 153.2
0 153.3
0 153.4
0 153.5
0 153.6
0 153.7
0 153.8
0 153.9
0 154
0 154.1
0 154.2
0 154.3
0 154.4
0 154.5
0 154.6
0 154.7
0 154.8
0 154.9
0 155
0 155.1
0 155.2
0 155.3
0 155.4
0 155.5
0 155.6
0 155.7
0 155.8
0 155.9
0 156
0 156.1
0 156.2
0 156.3
0 156.4
0 156.5
0 156.6
0 156.7
0 156.8
0 156.9
0 157
0 157.1
0 157.2
0 157.3
0 157.4
0 157.5
0 157.6
0 157.7
0 157.8
0 157.9
0 158
0 158.1
0 158.2
0 158.3
0 158.4
0 158.5
0 158.6
0 158.7
0 158.8
0 158.9
0 159
0 159.1
0 159.2
0 159.3
0 159.4
0 159.5
0 159.6
0 159.7
0 159.8
0 159.9
0 160
0 160.1
0 160.2
0 160.3
0 160.4
0 160.5
0 160.6
0 160.7
0 160.8
0 160.9
0 161
0 161.1
0 161.2
0 161.3
0 161.4
0 161.5
0 161.6
0 161.7
0 161.8
0 161.9
0 162
0 162.1
0 162.2
0 162.3
0 162.4
0 162.5
0 162.6
0 162.7
0 162.8
0 162.9
0 163
0 163.1
0 163.2
0 163.3
0 163.4
0 163.5
0 163.6
0 163.7
0 163.8
0 163.9
0 164
0 164.1
0 164.2
0 164.3
0 164.4
0 164.5
0 164.6
0 164.7
0 164.8
0 164.9
0 165
0 165.1
0 165.2
0 165.3
0 165.4
0 165.5
0 165.6
0 165.7
0 165.8
0 165.9
0 166
0 166.1
0 166.2
0 166.3
0 166.4
0 166.5
0 166.6
0 166.7
0 166.8
0 166.9
0 167
0 167.1
0 167.2
0 167.3
0 167.4
0 167.5
0 167.6
0 167.7
0 167.8
0 167.9
0 168
0 168.1
0 168.2
0 168.3
0 168.4
0 168.5
0 168.6
0 168.7
0 168.8
0 168.9
0 169
0 169.1
0 169.2
0 169.3
0 169.4
0 169.5
0 169.6
0 169.7
0 169.8
0 169.9
0 170
0 170.1
0 170.2
0 170.3
0 170.4
0 170.5
0 170.6
0 170.7
0 170.8
0 170.9
0 171
0 171.1
0 171.2
0 171.3
0 171.4
0 171.5
0 171.6
0 171.7
0 171.8
0 171.9
0 172
0 172.1
0 172.2
0 172.3
0 172.4
0 172.5
0 172.6
0 172.7
0 172.8
0 172.9
0 173
0 173.1
0 173.2
0 173.3
0 173.4
0 173.5
0 173.6
0 173.7
0 173.8
0 173.9
0 174
0 174.1
0 174.2
0 174.3
0 174.4
0 174.5
0 174.6
0 174.7
0 174.8
0 174.9
0 175
0 175.1
0 175.2
0 175.3
0 175.4
0 175.5
0 175.6
0 175.7
0 175.8
0 175.9
0 176
0 176.1
0 176.2
0 176.3
0 176.4
0 176.5
0 176.6
0 176.7
0 176.8
0 176.9
0 177
0 177.1
0 177.2
0 177.3
0 177.4
0 177.5
0 177.6
0 177.7
0 177.8
0 177.9
0 178
0 178.1
0 178.2
0 178.3
0 178.4
0 178.5
0 178.6
0 178.7
0 178.8
0 178.9
0 179
0 179.1
0 179.2
0 179.3
0 179.4
0 179.5
0 179.6
0 179.7
0 179.8
0 179.9
0 180
0 180.1
0 180.2
0 180.3
0 180.4
0 180.5
0 180.6
0 180.7
0 180.8
0 180.9
0 181
0 181.1
0 181.2
0 181.3
0 181.4
0 181.5
0 181.6
0 181.7
0 181.8
0 181.9
0 182
0 182.1
0 182.2
0 182.3
0 182.4
0 182.5
0 182.6
0 182.7
0 182.8
0 182.9
0 183
0 183.1
0 183.2
0 183.3
0 183.4
0 183.5
0 183.6
0 183.7
0 183.8
0 183.9
0 184
0 184.1
0 184.2
0 184.3
0 184.4
0 184.5
0 184.6
0 184.7
0 184.8
0 184.9
0 185
0 185.1
0 185.2
0 185.3
0 185.4
0 185.5
0 185.6
0 185.7
0 185.8
0 185.9
0 186
0 186.1
0 186.2
0 186.3
0 186.4
0 186.5
0 186.6
0 186.7
0 186.8
0 186.9
0 187
0 187.1
0 187.2
0 187.3
0 187.4
0 187.5
0 187.6
0 187.7
0 187.8
0 187.9
0 188
0 188.1
0 188.2
0 188.3
0 188.4
0 188.5
0 188.6
0 188.7
0 188.8
0 188.9
0 189
0 189.1
0 189.2
0 189.3
0 189.4
0 189.5
0 189.6
0 189.7
0 189.8
0 189.9
0 190
0 190.1
0 190.2
0 190.3
0 190.4
0 190.5
0 190.6
0 190.7
0 190.8
0 190.9
0 191
0 191.1
0 191.2
0 191.3
0 191.4
0 191.5
0 191.6
0 191.7
0 191.8
0 191.9
0 192
0 192.1
0 192.2
0 192.3
0 192.4
0 192.5
0 192.6
0 192.7
0 192.8
0 192.9
0 193
0 193.1
0 193.2
0 193.3
0 193.4
0 193.5
0 193.6
0 193.7
0 193.8
0 193.9
0 194
0 194.1
0 194.2
0 194.3
0 194.4
0 194.5
0 194.6
0 194.7
0 194.8
0 194.9
0 195
0 195.1
0 195.2
0 195.3
0 195.4
0 195.5
0 195.6
0 195.7
0 195.8
0 195.9
0 196
0 196.1
0 196.2
0 196.3
0 196.4
0 196.5
0 196.6
0 196.7
0 196.8
0 196.9
0 197
0 197.1
0 197.2
0 197.3
0 197.4
0 197.5
0 197.6
0 197.7
0 197.8
0 197.9
0 198
0 198.1
0 198.2
0 198.3
0 198.4
0 198.5
1 198.6
1 198.7
1 198.8
1 198.9
1 199
1 199.1
1 199.2
1 199.3
1 199.4
1 199.5
1 199.6
1 199.7
1 199.8
1 199.9
1 200
1 200.1
1 200.2
1 200.3
1 200.4
1 200.5
1 200.6
1 200.7
1 200.8
1 200.9
1 201
1 201.1
1 201.2
1 201.3
1 201.4
1 201.5
1 201.6
1 201.7
1 201.8
1 201.9
1 202
1 202.1
1 202.2
1 202.3
1 202.4
1 202.5
1 202.6
1 202.7
1 202.8
1 202.9
1 203
1 203.1
1 203.2
1 203.3
1 203.4
1 203.5
1 203.6
1 203.7
1 203.8
1 203.9
1 204
1 204.1
1 204.2
1 204.3
1 204.4
1 204.5
1 204.6
1 204.7
1 204.8
1 204.9
1 205
1 205.1
1 205.2
1 205.3
1 205.4
1 205.5
1 205.6
1 205.7
1 205.8
1 205.9
1 206
1 206.1
1 206.2
1 206.3
1 206.4
1 206.5
1 206.6
1 206.7
1 206.8
1 206.9
1 207
1 207.1
1 207.2
1 207.3
1 207.4
1 207.5
1 207.6
1 207.7
1 207.8
1 207.9
1 208
1 208.1
1 208.2
1 208.3
1 208.4
1 208.5
1 208.6
1 208.7
1 208.8
1 208.9
1 209
1 209.1
1 209.2
1 209.3
1 209.4
1 209.5
1 209.6
1 209.7
1 209.8
1 209.9
1 210
1 210.1
1 210.2
1 210.3
1 210.4
1 210.5
1 210.6
1 210.7
1 210.8
1 210.9
1 211
1 211.1
1 211.2
1 211.3
1 211.4
1 211.5
1 211.6
1 211.7
1 211.8
1 211.9
1 212
1 212.1
1 212.2
1 212.3
1 212.4
1 212.5
1 212.6
1 212.7
1 212.8
1 212.9
1 213
1 213.1
1 213.2
1 213.3
1 213.4
1 213.5
1 213.6
1 213.7
1 213.8
1 213.9
1 214
1 214.1
1 214.2
1 214.3
1 214.4
1 214.5
1 214.6
1 214.7
1 214.8
1 214.9
1 215
1 215.1
1 215.2
1 215.3
1 215.4
1 215.5
1 215.6
1 215.7
1 215.8
1 215.9
1 216
1 216.1
1 216.2
1 216.3
1 216.4
1 216.5
1 216.6
1 216.7
1 216.8
1 216.9
1 217
1 217.1
1 217.2
1 217.3
1 217.4
1 217.5
1 217.6
1 217.7
1 217.8
1 217.9
1 218
1 218.1
1 218.2
1 218.3
1 218.4
1 218.5
1 218.6
1 218.7
1 218.8
1 218.9
1 219
1 219.1
1 219.2
1 219.3
1 219.4
1 219.5
1 219.6
1 219.7
1 219.8
1 219.9
1 220
1 220.1
1 220.2
1 220.3
1 220.4
1 220.5
1 220.6
1 220.7
1 220.8
1 220.9
1 221
1 221.1
1 221.2
1 221.3
1 221.4
1 221.5
1 221.6
1 221.7
1 221.8
1 221.9
1 222
1 222.1
1 222.2
1 222.3
1 222.4
1 222.5
1 222.6
1 222.7
1 222.8
1 222.9
1 223
1 223.1
1 223.2
1 223.3
1 223.4
1 223.5
1 223.6
1 223.7
1 223.8
1 223.9
1 224
1 224.1
1 224.2
1 224.3
1 224.4
1 224.5
1 224.6
1 224.7
1 224.8
1 224.9
1 225
1 225.1
1 225.2
1 225.3
1 225.4
1 225.5
1 225.6
1 225.7
1 225.8
1 225.9
1 226
1 226.1
1 226.2
1 226.3
1 226.4
1 226.5
1 226.6
1 226.7
1 226.8
1 226.9
1 227
1 227.1
1 227.2
1 227.3
1 227.4
1 227.5
1 227.6
1 227.7
1 227.8
1 227.9
1 228
1 228.1
1 228.2
1 228.3
1 228.4
1 228.5
1 228.6
1 228.7
1 228.8
1 228.9
1 229
1 229.1
1 229.2
1 229.3
1 229.4
1 229.5
1 229.6
1 229.7
1 229.8
1 229.9
1 230
1 230.1
1 230.2
1 230.3
1 230.4
1 230.5
1 230.6
1 230.7
1 230.8
1 230.9
1 231
1 231.1
1 231.2
1 231.3
1 231.4
1 231.5
1 231.6
1 231.7
1 231.8
1 231.9
1 232
1 232.1
1 232.2
1 232.3
1 232.4
1 232.5
1 232.6
1 232.7
1 232.8
1 232.9
1 233
1 233.1
1 233.2
1 233.3
1 233.4
1 233.5
1 233.6
1 233.7
1 233.8
1 233.9
1 234
1 234.1
1 234.2
1 234.3
1 234.4
1 234.5
1 234.6
1 234.7
1 234.8
1 234.9
1 235
1 235.1
1 235.2
1 235.3
1 235.4
1 235.5
1 235.6
1 235.7
1 235.8
1 235.9
1 236
1 236.1
1 236.2
1 236.3
1 236.4
1 236.5
1 236.6
1 236.7
1 236.8
1 236.9
1 237
1 237.1
1 237.2
1 237.3
1 237.4
1 237.5
1 237.6
1 237.7
1 237.8
1 237.9
1 238
1 238.1
1 238.2
1 238.3
1 238.4
1 238.5
1 238.6
1 238.7
1 238.8
1 238.9
1 239
1 239.1
1 239.2
1 239.3
1 239.4
1 239.5
1 239.6
1 239.7
1 239.8
1 239.9
1 240
1 240.1
1 240.2
1 240.3
1 240.4
1 240.5
1 240.6
1 240.7
1 240.8
1 240.9
1 241
1 241.1
1 241.2
1 241.3
1 241.4
1 241.5
1 241.6
1 241.7
1 241.8
1 241.9
1 242
1 242.1
1 242.2
1 242.3
1 242.4
1 242.5
1 242.6
1 242.7
1 242.8
1 242.9
1 243
1 243.1
1 243.2
1 243.3
1 243.4
1 243.5
1 243.6
1 243.7
1 243.8
1 243.9
1 244
1 244.1
1 244.2
1 244.3
1 244.4
1 244.5
1 244.6
1 244.7
1 244.8
1 244.9
1 245
1 245.1
1 245.2
1 245.3
1 245.4
1 245.5
1 245.6
1 245.7
1 245.8
1 245.9
1 246
1 246.1
1 246.2
1 246.3
1 246.4
1 246.5
1 246.6
1 246.7
1 246.8
1 246.9
1 247
1 247.1
1 247.2
1 247.3
1 247.4
1 247.5
1 247.6
1 247.7
1 247.8
1 247.9
1 248
1 248.1
1 248.2
1 248.3
1 248.4
1 248.5
1 248.6
1 248.7
1 248.8
1 248.9
1 249
1 249.1
1 249.2
1 249.3
1 249.4
1 249.5
1 249.6
1 249.7
1 249.8
1 249.9
1 250
1 250.1
1 250.2
1 250.3
1 250.4
1 250.5
1 250.6
1 250.7
1 250.8
1 250.9
1 251
1 251.1
1 251.2
1 251.3
1 251.4
1 251.5
1 251.6
1 251.7
1 251.8
1 251.9
1 252
1 252.1
1 252.2
1 252.3
1 252.4
1 252.5
1 252.6
1 252.7
1 252.8
1 252.9
1 253
1 253.1
1 253.2
1 253.3
1 253.4
1 253.5
1 253.6
1 253.7
1 253.8
1 253.9
1 254
1 254.1
1 254.2
1 254.3
1 254.4
1 254.5
1 254.6
1 254.7
1 254.8
1 254.9
1 255
1 255.1
1 255.2
1 255.3
1 255.4
1 255.5
1 255.6
1 255.7
1 255.8
1 255.9
1 256
1 256.1
1 256.2
1 256.3
1 256.4
1 256.5
1 256.6
1 256.7
1 256.8
1 256.9
1 257
1 257.1
1 257.2
1 257.3
1 257.4
1 257.5
1 257.6
1 257.7
1 257.8
1 257.9
1 258
1 258.1
1 258.2
1 258.3
1 258.4
1 258.5
1 258.6
1 258.7
1 258.8
1 258.9
1 259
1 259.1
1 259.2
1 259.3
1 259.4
1 259.5
1 259.6
1 259.7
1 259.8
1 259.9
1 260
1 260.1
1 260.2
1 260.3
1 260.4
1 260.5
1 260.6
1 260.7
1 260.8
1 260.9
1 261
1 261.1
1 261.2
1 261.3
1 261.4
1 261.5
1 261.6
1 261.7
1 261.8
1 261.9
1 262
1 262.1
1 262.2
1 262.3
1 262.4
1 262.5
1 262.6
1 262.7
1 262.8
1 262.9
1 263
1 263.1
1 263.2
1 263.3
1 263.4
1 263.5
1 263.6
1 263.7
1 263.8
1 263.9
1 264
1 264.1
1 264.2
1 264.3
1 264.4
1 264.5
1 264.6
1 264.7
1 264.8
1 264.9
1 265
1 265.1
1 265.2
1 265.3
1 265.4
1 265.5
1 265.6
1 265.7
1 265.8
1 265.9
1 266
1 266.1
1 266.2
1 266.3
1 266.4
1 266.5
1 266.6
1 266.7
1 266.8
1 266.9
1 267
1 267.1
1 267.2
1 267.3
1 267.4
1 267.5
1 267.6
1 267.7
1 267.8
1 267.9
1 268
1 268.1
1 268.2
1 268.3
1 268.4
1 268.5
1 268.6
1 268.7
1 268.8
1 268.9
1 269
1 269.1
1 269.2
1 269.3
1 269.4
1 269.5
1 269.6
1 269.7
1 269.8
1 269.9
1 270
1 270.1
1 270.2
1 270.3
1 270.4
1 270.5
1 270.6
1 270.7
1 270.8
1 270.9
1 271
1 271.1
1 271.2
1 271.3
1 271.4
1 271.5
1 271.6
1 271.7
1 271.8
1 271.9
1 272
1 272.1
1 272.2
1 272.3
1 272.4
1 272.5
1 272.6
1 272.7
1 272.8
1 272.9
1 273
1 273.1
1 273.2
1 273.3
1 273.4
1 273.5
1 273.6
1 273.7
1 273.8
1 273.9
1 274
1 274.1
1 274.2
1 274.3
1 274.4
1 274.5
1 274.6
1 274.7
1 274.8
1 274.9
1 275
1 275.1
1 275.2
1 275.3
1 275.4
1 275.5
1 275.6
1 275.7
1 275.8
1 275.9
1 276
1 276.1
1 276.2
1 276.3
1 276.4
1 276.5
1 276.6
1 276.7
1 276.8
1 276.9
1 277
1 277.1
1 277.2
1 277.3
1 277.4
1 277.5
1 277.6
1 277.7
1 277.8
1 277.9
1 278
1 278.1
1 278.2
1 278.3
1 278.4
1 278.5
1 278.6
1 278.7
1 278.8
1 278.9
1 279
1 279.1
1 279.2
1 279.3
1 279.4
1 279.5
1 279.6
1 279.7
1 279.8
1 279.9
1 280
1 280.1
1 280.2
1 280.3
1 280.4
1 280.5
1 280.6
1 280.7
1 280.8
1 280.9
1 281
1 281.1
1 281.2
1 281.3
1 281.4
1 281.5
1 281.6
1 281.7
1 281.8
1 281.9
1 282
1 282.1
1 282.2
1 282.3
1 282.4
1 282.5
1 282.6
1 282.7
1 282.8
1 282.9
1 283
1 283.1
1 283.2
1 283.3
1 283.4
1 283.5
1 283.6
1 283.7
1 283.8
1 283.9
1 284
1 284.1
1 284.2
1 284.3
1 284.4
1 284.5
1 284.6
1 284.7
1 284.8
1 284.9
1 285
1 285.1
1 285.2
1 285.3
1 285.4
1 285.5
1 285.6
1 285.7
1 285.8
1 285.9
1 286
1 286.1
1 286.2
1 286.3
1 286.4
1 286.5
1 286.6
1 286.7
1 286.8
1 286.9
1 287
1 287.1
1 287.2
1 287.3
1 287.4
1 287.5
1 287.6
1 287.7
1 287.8
1 287.9
1 288
1 288.1
1 288.2
1 288.3
1 288.4
1 288.5
1 288.6
1 288.7
1 288.8
1 288.9
1 289
1 289.1
1 289.2
1 289.3
1 289.4
1 289.5
1 289.6
1 289.7
1 289.8
1 289.9
1 290
1 290.1
1 290.2
1 290.3
1 290.4
1 290.5
1 290.6
1 290.7
1 290.8
1 290.9
1 291
1 291.1
1 291.2
1 291.3
1 291.4
1 291.5
1 291.6
1 291.7
1 291.8
1 291.9
1 292
1 292.1
1 292.2
1 292.3
1 292.4
1 292.5
1 292.6
1 292.7
1 292.8
1 292.9
1 293
1 293.1
1 293.2
1 293.3
1 293.4
1 293.5
1 293.6
1 293.7
1 293.8
1 293.9
1 294
1 294.1
1 294.2
1 294.3
1 294.4
1 294.5
1 294.6
1 294.7
1 294.8
1 294.9
1 295
1 295.1
1 295.2
1 295.3
1 295.4
1 295.5
1 295.6
1 295.7
1 295.8
1 295.9
1 296
1 296.1
1 296.2
1 296.3
1 296.4
1 296.5
1 296.6
1 296.7
1 296.8
1 296.9
1 297
1 297.1
1 297.2
1 297.3
1 297.4
1 297.5
1 297.6
1 297.7
1 297.8
1 297.9
1 298
1 298.1
1 298.2
1 298.3
1 298.4
1 298.5
1 298.6
1 298.7
1 298.8
1 298.9
1 299
1 299.1
1 299.2
1 299.3
1 299.4
1 299.5
1 299.6
1 299.7
1 299.8
1 299.9
1 300
1 300.1
1 300.2
1 300.3
1 300.4
1 300.5
1 300.6
1 300.7
1 300.8
1 300.9
1 301
1 301.1
1 301.2
1 301.3
1 301.4
1 301.5
1 301.6
1 301.7
1 301.8
1 301.9
1 302
1 302.1
1 302.2
1 302.3
1 302.4
1 302.5
1 302.6
1 302.7
1 302.8
1 302.9
1 303
1 303.1
1 303.2
1 303.3
1 303.4
1 303.5
1 303.6
1 303.7
1 303.8
1 303.9
1 304
1 304.1
1 304.2
1 304.3
1 304.4
1 304.5
1 304.6
1 304.7
1 304.8
1 304.9
1 305
1 305.1
1 305.2
1 305.3
1 305.4
1 305.5
1 305.6
1 305.7
1 305.8
1 305.9
1 306
1 306.1
1 306.2
1 306.3
1 306.4
1 306.5
1 306.6
1 306.7
1 306.8
1 306.9
1 307
1 307.1
1 307.2
1 307.3
1 307.4
1 307.5
1 307.6
1 307.7
1 307.8
1 307.9
1 308
1 308.1
1 308.2
1 308.3
1 308.4
1 308.5
1 308.6
1 308.7
1 308.8
1 308.9
1 309
1 309.1
1 309.2
1 309.3
1 309.4
1 309.5
1 309.6
1 309.7
1 309.8
1 309.9
1 310
1 310.1
1 310.2
1 310.3
1 310.4
1 310.5
1 310.6
1 310.7
1 310.8
1 310.9
1 311
1 311.1
1 311.2
1 311.3
1 311.4
1 311.5
1 311.6
1 311.7
1 311.8
1 311.9
1 312
1 312.1
1 312.2
1 312.3
1 312.4
1 312.5
1 312.6
1 312.7
1 312.8
1 312.9
1 313
1 313.1
1 313.2
1 313.3
1 313.4
1 313.5
1 313.6
1 313.7
1 313.8
1 313.9
1 314
1 314.1
1 314.2
1 314.3
1 314.4
1 314.5
1 314.6
1 314.7
1 314.8
1 314.9
1 315
1 315.1
1 315.2
1 315.3
1 315.4
1 315.5
1 315.6
1 315.7
1 315.8
1 315.9
1 316
1 316.1
1 316.2
1 316.3
1 316.4
1 316.5
1 316.6
1 316.7
1 316.8
1 316.9
1 317
1 317.1
1 317.2
1 317.3
1 317.4
1 317.5
1 317.6
1 317.7
1 317.8
1 317.9
1 318
1 318.1
1 318.2
1 318.3
1 318.4
1 318.5
1 318.6
1 318.7
1 318.8
1 318.9
1 319
1 319.1
1 319.2
1 319.3
1 319.4
1 319.5
1 319.6
1 319.7
1 319.8
1 319.9
1 320
1 320.1
1 320.2
1 320.3
1 320.4
1 320.5
1 320.6
1 320.7
1 320.8
1 320.9
1 321
1 321.1
1 321.2
1 321.3
1 321.4
1 321.5
1 321.6
1 321.7
1 321.8
1 321.9
1 322
1 322.1
1 322.2
1 322.3
1 322.4
1 322.5
1 322.6
1 322.7
1 322.8
1 322.9
1 323
1 323.1
1 323.2
1 323.3
1 323.4
1 323.5
1 323.6
1 323.7
1 323.8
1 323.9
1 324
1 324.1
1 324.2
1 324.3
1 324.4
1 324.5
1 324.6
1 324.7
1 324.8
1 324.9
1 325
1 325.1
1 325.2
1 325.3
1 325.4
1 325.5
1 325.6
1 325.7
1 325.8
1 325.9
1 326
1 326.1
1 326.2
1 326.3
1 326.4
1 326.5
1 326.6
1 326.7
1 326.8
1 326.9
1 327
1 327.1
1 327.2
1 327.3
1 327.4
1 327.5
1 327.6
1 327.7
1 327.8
1 327.9
1 328
1 328.1
1 328.2
1 328.3
1 328.4
1 328.5
1 328.6
1 328.7
1 328.8
1 328.9
1 329
1 329.1
1 329.2
1 329.3
1 329.4
1 329.5
1 329.6
1 329.7
1 329.8
1 329.9
1 330
1 330.1
1 330.2
1 330.3
1 330.4
1 330.5
1 330.6
1 330.7
1 330.8
1 330.9
1 331
1 331.1
1 331.2
1 331.3
1 331.4
1 331.5
1 331.6
1 331.7
1 331.8
1 331.9
1 332
1 332.1
1 332.2
1 332.3
1 332.4
1 332.5
1 332.6
1 332.7
1 332.8
1 332.9
1 333
1 333.1
1 333.2
1 333.3
1 333.4
1 333.5
1 333.6
1 333.7
1 333.8
1 333.9
1 334
1 334.1
1 334.2
1 334.3
1 334.4
1 334.5
1 334.6
1 334.7
2 334.8
2 334.9
2 335
2 335.1
2 335.2
2 335.3
2 335.4
2 335.5
2 335.6
2 335.7
2 335.8
2 335.9
2 336
2 336.1
2 336.2
2 336.3
2 336.4
2 336.5
2 336.6
2 336.7
2 336.8
2 336.9
2 337
2 337.1
2 337.2
2 337.3
2 337.4
2 337.5
2 337.6
2 337.7
2 337.8
2 337.9
2 338
2 338.1
2 338.2
2 338.3
2 338.4
2 338.5
2 338.6
2 338.7
2 338.8
2 338.9
2 339
2 339.1
2 339.2
2 339.3
2 339.4
2 339.5
2 339.6
2 339.7
2 339.8
2 339.9
2 340
2 340.1
2 340.2
2 340.3
2 340.4
2 340.5
2 340.6
2 340.7
2 340.8
2 340.9
2 341
2 341.1
2 341.2
2 341.3
2 341.4
2 341.5
2 341.6
2 341.7
2 341.8
2 341.9
2 342
2 342.1
2 342.2
2 342.3
2 342.4
2 342.5
2 342.6
2 342.7
2 342.8
2 342.9
2 343
2 343.1
2 343.2
2 343.3
2 343.4
2 343.5
2 343.6
2 343.7
2 343.8
2 343.9
2 344
2 344.1
2 344.2
2 344.3
2 344.4
2 344.5
2 344.6
2 344.7
2 344.8
2 344.9
2 345
2 345.1
2 345.2
2 345.3
2 345.4
2 345.5
2 345.6
2 345.7
2 345.8
2 345.9
2 346
2 346.1
2 346.2
2 346.3
2 346.4
2 346.5
2 346.6
2 346.7
2 346.8
2 346.9
2 347
2 347.1
2 347.2
2 347.3
2 347.4
2 347.5
2 347.6
2 347.7
2 347.8
2 347.9
2 348
2 348.1
2 348.2
2 348.3
2 348.4
2 348.5
2 348.6
2 348.7
2 348.8
2 348.9
2 349
2 349.1
2 349.2
2 349.3
2 349.4
2 349.5
2 349.6
2 349.7
2 349.8
2 349.9
2 350
2 350.1
2 350.2
2 350.3
2 350.4
2 350.5
2 350.6
2 350.7
2 350.8
2 350.9
2 351
2 351.1
2 351.2
2 351.3
2 351.4
2 351.5
2 351.6
2 351.7
2 351.8
2 351.9
2 352
2 352.1
2 352.2
2 352.3
2 352.4
2 352.5
2 352.6
2 352.7
2 352.8
2 352.9
2 353
2 353.1
2 353.2
2 353.3
2 353.4
2 353.5
2 353.6
2 353.7
2 353.8
2 353.9
2 354
2 354.1
2 354.2
2 354.3
2 354.4
2 354.5
2 354.6
2 354.7
2 354.8
2 354.9
2 355
2 355.1
2 355.2
2 355.3
2 355.4
2 355.5
2 355.6
2 355.7
2 355.8
2 355.9
2 356
2 356.1
2 356.2
2 356.3
2 356.4
2 356.5
2 356.6
2 356.7
2 356.8
2 356.9
2 357
2 357.1
2 357.2
2 357.3
2 357.4
2 357.5
2 357.6
2 357.7
2 357.8
2 357.9
2 358
2 358.1
2 358.2
2 358.3
2 358.4
2 358.5
2 358.6
2 358.7
2 358.8
2 358.9
2 359
2 359.1
2 359.2
2 359.3
2 359.4
2 359.5
2 359.6
2 359.7
2 359.8
2 359.9
2 360
2 360.1
2 360.2
2 360.3
2 360.4
2 360.5
2 360.6
2 360.7
2 360.8
2 360.9
2 361
2 361.1
2 361.2
2 361.3
2 361.4
2 361.5
2 361.6
2 361.7
2 361.8
2 361.9
2 362
2 362.1
2 362.2
2 362.3
2 362.4
2 362.5
2 362.6
2 362.7
2 362.8
2 362.9
2 363
2 363.1
2 363.2
2 363.3
2 363.4
2 363.5
2 363.6
2 363.7
2 363.8
2 363.9
2 364
2 364.1
2 364.2
2 364.3
2 364.4
2 364.5
2 364.6
2 364.7
2 364.8
2 364.9
2 365
2 365.1
2 365.2
2 365.3
2 365.4
2 365.5
2 365.6
2 365.7
2 365.8
2 365.9
2 366
2 366.1
2 366.2
2 366.3
2 366.4
2 366.5
2 366.6
2 366.7
2 366.8
2 366.9
2 367
2 367.1
2 367.2
2 367.3
2 367.4
2 367.5
2 367.6
2 367.7
2 367.8
2 367.9
2 368
2 368.1
2 368.2
2 368.3
2 368.4
2 368.5
2 368.6
2 368.7
2 368.8
2 368.9
2 369
2 369.1
2 369.2
2 369.3
2 369.4
2 369.5
2 369.6
2 369.7
2 369.8
2 369.9
2 370
2 370.1
2 370.2
2 370.3
2 370.4
2 370.5
2 370.6
2 370.7
2 370.8
2 370.9
2 371
2 371.1
2 371.2
2 371.3
2 371.4
2 371.5
2 371.6
2 371.7
2 371.8
2 371.9
2 372
2 372.1
2 372.2
2 372.3
2 372.4
2 372.5
2 372.6
2 372.7
2 372.8
2 372.9
2 373
2 373.1
2 373.2
2 373.3
2 373.4
2 373.5
2 373.6
2 373.7
2 373.8
2 373.9
2 374
2 374.1
2 374.2
2 374.3
2 374.4
2 374.5
2 374.6
2 374.7
2 374.8
2 374.9
2 375
2 375.1
2 375.2
2 375.3
2 375.4
2 375.5
2 375.6
2 375.7
2 375.8
2 375.9
2 376
2 376.1
2 376.2
2 376.3
2 376.4
2 376.5
2 376.6
2 376.7
2 376.8
2 376.9
2 377
2 377.1
2 377.2
2 377.3
2 377.4
2 377.5
2 377.6
2 377.7
2 377.8
2 377.9
2 378
2 378.1
2 378.2
2 378.3
2 378.4
2 378.5
2 378.6
2 378.7
2 378.8
2 378.9
2 379
2 379.1
2 379.2
2 379.3
2 379.4
2 379.5
2 379.6
2 379.7
2 379.8
2 379.9
2 380
2 380.1
2 380.2
2 380.3
2 380.4
2 380.5
2 380.6
2 380.7
2 380.8
2 380.9
2 381
2 381.1
2 381.2
2 381.3
2 381.4
2 381.5
2 381.6
2 381.7
2 381.8
2 381.9
2 382
2 382.1
2 382.2
2 382.3
2 382.4
2 382.5
2 382.6
2 382.7
2 382.8
2 382.9
2 383
2 383.1
2 383.2
2 383.3
2 383.4
2 383.5
2 383.6
2 383.7
2 383.8
2 383.9
2 384
2 384.1
2 384.2
2 384.3
2 384.4
2 384.5
2 384.6
2 384.7
2 384.8
2 384.9
2 385
2 385.1
2 385.2
2 385.3
2 385.4
2 385.5
2 385.6
2 385.7
2 385.8
2 385.9
2 386
2 386.1
2 386.2
2 386.3
2 386.4
2 386.5
2 386.6
2 386.7
2 386.8
2 386.9
2 387
2 387.1
2 387.2
2 387.3
2 387.4
2 387.5
2 387.6
2 387.7
2 387.8
2 387.9
2 388
2 388.1
2 388.2
2 388.3
2 388.4
2 388.5
2 388.6
2 388.7
2 388.8
2 388.9
2 389
2 389.1
2 389.2
2 389.3
2 389.4
2 389.5
2 389.6
2 389.7
2 389.8
2 389.9
2 390
2 390.1
2 390.2
2 390.3
2 390.4
2 390.5
2 390.6
2 390.7
2 390.8
2 390.9
2 391
2 391.1
2 391.2
2 391.3
2 391.4
2 391.5
2 391.6
2 391.7
2 391.8
2 391.9
2 392
2 392.1
2 392.2
2 392.3
2 392.4
2 392.5
2 392.6
2 392.7
2 392.8
2 392.9
2 393
2 393.1
2 393.2
2 393.3
2 393.4
2 393.5
2 393.6
2 393.7
2 393.8
2 393.9
2 394
2 394.1
2 394.2
2 394.3
2 394.4
2 394.5
2 394.6
2 394.7
2 394.8
2 394.9
2 395
2 395.1
2 395.2
2 395.3
2 395.4
2 395.5
2 395.6
2 395.7
2 395.8
2 395.9
2 396
2 396.1
2 396.2
2 396.3
2 396.4
2 396.5
2 396.6
2 396.7
2 396.8
2 396.9
2 397
2 397.1
2 397.2
2 397.3
2 397.4
2 397.5
2 397.6
2 397.7
2 397.8
2 397.9
2 398
2 398.1
2 398.2
2 398.3
2 398.4
2 398.5
2 398.6
2 398.7
2 398.8
2 398.9
2 399
2 399.1
2 399.2
2 399.3
2 399.4
2 399.5
2 399.6
2 399.7
2 399.8
2 399.9
2 400
2 400.1
2 400.2
2 400.3
2 400.4
2 400.5
2 400.6
2 400.7
2 400.8
2 400.9
2 401
2 401.1
2 401.2
2 401.3
2 401.4
2 401.5
2 401.6
2 401.7
2 401.8
2 401.9
2 402
2 402.1
2 402.2
2 402.3
2 402.4
2 402.5
2 402.6
2 402.7
2 402.8
2 402.9
2 403
2 403.1
2 403.2
2 403.3
2 403.4
2 403.5
2 403.6
2 403.7
2 403.8
2 403.9
2 404
2 404.1
2 404.2
2 404.3
2 404.4
2 404.5
2 404.6
2 404.7
2 404.8
2 404.9
2 405
2 405.1
2 405.2
2 405.3
2 405.4
2 405.5
2 405.6
2 405.7
2 405.8
2 405.9
2 406
2 406.1
2 406.2
2 406.3
2 406.4
2 406.5
2 406.6
2 406.7
2 406.8
2 406.9
2 407
2 407.1
2 407.2
2 407.3
2 407.4
2 407.5
2 407.6
2 407.7
2 407.8
2 407.9
2 408
2 408.1
2 408.2
2 408.3
2 408.4
2 408.5
2 408.6
2 408.7
2 408.8
2 408.9
2 409
2 409.1
2 409.2
2 409.3
2 409.4
2 409.5
2 409.6
2 409.7
2 409.8
2 409.9
2 410
2 410.1
2 410.2
2 410.3
2 410.4
2 410.5
2 410.6
2 410.7
2 410.8
2 410.9
2 411
2 411.1
2 411.2
2 411.3
2 411.4
2 411.5
2 411.6
2 411.7
2 411.8
2 411.9
2 412
2 412.1
2 412.2
2 412.3
2 412.4
2 412.5
2 412.6
2 412.7
2 412.8
2 412.9
2 413
2 413.1
2 413.2
2 413.3
2 413.4
2 413.5
2 413.6
2 413.7
2 413.8
2 413.9
2 414
2 414.1
2 414.2
2 414.3
2 414.4
2 414.5
2 414.6
2 414.7
2 414.8
2 414.9
2 415
2 415.1
2 415.2
2 415.3
2 415.4
2 415.5
2 415.6
2 415.7
2 415.8
2 415.9
2 416
2 416.1
2 416.2
2 416.3
2 416.4
2 416.5
2 416.6
2 416.7
2 416.8
2 416.9
2 417
2 417.1
2 417.2
2 417.3
2 417.4
2 417.5
2 417.6
2 417.7
2 417.8
2 417.9
2 418
2 418.1
2 418.2
2 418.3
2 418.4
2 418.5
2 418.6
2 418.7
2 418.8
2 418.9
2 419
2 419.1
2 419.2
2 419.3
2 419.4
2 419.5
2 419.6
2 419.7
2 419.8
2 419.9
2 420
2 420.1
2 420.2
2 420.3
2 420.4
2 420.5
2 420.6
2 420.7
2 420.8
2 420.9
2 421
2 421.1
2 421.2
2 421.3
2 421.4
2 421.5
2 421.6
2 421.7
2 421.8
2 421.9
2 422
2 422.1
2 422.2
2 422.3
2 422.4
2 422.5
2 422.6
2 422.7
2 422.8
2 422.9
2 423
2 423.1
2 423.2
2 423.3
2 423.4
2 423.5
2 423.6
2 423.7
2 423.8
2 423.9
2 424
2 424.1
2 424.2
2 424.3
2 424.4
2 424.5
2 424.6
2 424.7
2 424.8
2 424.9
2 425
2 425.1
2 425.2
2 425.3
2 425.4
2 425.5
2 425.6
2 425.7
2 425.8
2 425.9
2 426
2 426.1
2 426.2
2 426.3
2 426.4
2 426.5
2 426.6
2 426.7
2 426.8
2 426.9
2 427
2 427.1
2 427.2
2 427.3
2 427.4
2 427.5
2 427.6
2 427.7
2 427.8
2 427.9
2 428
2 428.1
2 428.2
2 428.3
2 428.4
2 428.5
2 428.6
2 428.7
2 428.8
2 428.9
2 429
2 429.1
2 429.2
2 429.3
2 429.4
2 429.5
2 429.6
2 429.7
2 429.8
2 429.9
2 430
2 430.1
2 430.2
2 430.3
2 430.4
2 430.5
2 430.6
2 430.7
2 430.8
2 430.9
2 431
2 431.1
2 431.2
2 431.3
2 431.4
2 431.5
2 431.6
2 431.7
2 431.8
2 431.9
2 432
2 432.1
2 432.2
2 432.3
2 432.4
2 432.5
2 432.6
2 432.7
2 432.8
2 432.9
2 433
2 433.1
2 433.2
2 433.3
2 433.4
2 433.5
2 433.6
2 433.7
2 433.8
2 433.9
2 434
2 434.1
2 434.2
2 434.3
2 434.4
2 434.5
2 434.6
2 434.7
2 434.8
2 434.9
2 435
2 435.1
2 435.2
2 435.3
2 435.4
2 435.5
2 435.6
2 435.7
2 435.8
2 435.9
2 436
3 436.1
3 436.2
3 436.3
3 436.4
3 436.5
3 436.6
3 436.7
3 436.8
3 436.9
3 437
3 437.1
3 437.2
3 437.3
3 437.4
3 437.5
3 437.6
3 437.7
3 437.8
3 437.9
3 438
3 438.1
3 438.2
3 438.3
3 438.4
3 438.5
3 438.6
3 438.7
3 438.8
3 438.9
3 439
3 439.1
3 439.2
3 439.3
3 439.4
3 439.5
3 439.6
3 439.7
3 439.8
3 439.9
3 440
3 440.1
3 440.2
3 440.3
3 440.4
3 440.5
3 440.6
3 440.7
3 440.8
3 440.9
3 441
3 441.1
3 441.2
3 441.3
3 441.4
3 441.5
3 441.6
3 441.7
3 441.8
3 441.9
3 442
3 442.1
3 442.2
3 442.3
3 442.4
3 442.5
3 442.6
3 442.7
3 442.8
3 442.9
3 443
3 443.1
3 443.2
3 443.3
3 443.4
3 443.5
3 443.6
3 443.7
3 443.8
3 443.9
3 444
3 444.1
3 444.2
3 444.3
3 444.4
3 444.5
3 444.6
3 444.7
3 444.8
3 444.9
3 445
3 445.1
3 445.2
3 445.3
3 445.4
3 445.5
3 445.6
3 445.7
3 445.8
3 445.9
3 446
3 446.1
3 446.2
3 446.3
3 446.4
3 446.5
3 446.6
3 446.7
3 446.8
3 446.9
3 447
3 447.1
3 447.2
3 447.3
3 447.4
3 447.5
3 447.6
3 447.7
3 447.8
3 447.9
3 448
3 448.1
3 448.2
3 448.3
3 448.4
3 448.5
3 448.6
3 448.7
3 448.8
3 448.9
3 449
3 449.1
3 449.2
3 449.3
3 449.4
3 449.5
3 449.6
3 449.7
3 449.8
3 449.9
3 450
3 450.1
3 450.2
3 450.3
3 450.4
3 450.5
3 450.6
3 450.7
3 450.8
3 450.9
3 451
3 451.1
3 451.2
3 451.3
3 451.4
3 451.5
3 451.6
3 451.7
3 451.8
3 451.9
3 452
3 452.1
3 452.2
3 452.3
3 452.4
3 452.5
3 452.6
3 452.7
3 452.8
3 452.9
3 453
3 453.1
3 453.2
3 453.3
3 453.4
3 453.5
3 453.6
3 453.7
3 453.8
3 453.9
3 454
3 454.1
3 454.2
3 454.3
3 454.4
3 454.5
3 454.6
3 454.7
3 454.8
3 454.9
3 455
3 455.1
3 455.2
3 455.3
3 455.4
3 455.5
3 455.6
3 455.7
3 455.8
3 455.9
3 456
3 456.1
3 456.2
3 456.3
3 456.4
3 456.5
3 456.6
3 456.7
3 456.8
3 456.9
3 457
3 457.1
3 457.2
3 457.3
3 457.4
3 457.5
3 457.6
3 457.7
3 457.8
3 457.9
3 458
3 458.1
3 458.2
3 458.3
3 458.4
3 458.5
3 458.6
3 458.7
3 458.8
3 458.9
3 459
3 459.1
3 459.2
3 459.3
3 459.4
3 459.5
3 459.6
3 459.7
3 459.8
3 459.9
3 460
3 460.1
3 460.2
3 460.3
3 460.4
3 460.5
3 460.6
3 460.7
3 460.8
3 460.9
3 461
3 461.1
3 461.2
3 461.3
3 461.4
3 461.5
3 461.6
3 461.7
3 461.8
3 461.9
3 462
3 462.1
3 462.2
3 462.3
3 462.4
3 462.5
3 462.6
3 462.7
3 462.8
3 462.9
3 463
3 463.1
3 463.2
3 463.3
3 463.4
3 463.5
3 463.6
3 463.7
3 463.8
3 463.9
3 464
3 464.1
3 464.2
3 464.3
3 464.4
3 464.5
3 464.6
3 464.7
3 464.8
3 464.9
3 465
3 465.1
3 465.2
3 465.3
3 465.4
3 465.5
3 465.6
3 465.7
3 465.8
3 465.9
3 466
3 466.1
3 466.2
3 466.3
3 466.4
3 466.5
3 466.6
3 466.7
3 466.8
3 466.9
3 467
3 467.1
3 467.2
3 467.3
3 467.4
3 467.5
3 467.6
3 467.7
3 467.8
3 467.9
3 468
3 468.1
3 468.2
3 468.3
3 468.4
3 468.5
3 468.6
3 468.7
3 468.8
3 468.9
3 469
3 469.1
3 469.2
3 469.3
3 469.4
3 469.5
3 469.6
3 469.7
3 469.8
3 469.9
3 470
3 470.1
3 470.2
3 470.3
3 470.4
3 470.5
3 470.6
3 470.7
3 470.8
3 470.9
3 471
3 471.1
3 471.2
3 471.3
3 471.4
3 471.5
3 471.6
3 471.7
3 471.8
3 471.9
3 472
3 472.1
3 472.2
3 472.3
3 472.4
3 472.5
3 472.6
3 472.7
3 472.8
3 472.9
3 473
3 473.1
3 473.2
3 473.3
3 473.4
3 473.5
3 473.6
3 473.7
3 473.8
3 473.9
3 474
3 474.1
3 474.2
3 474.3
3 474.4
3 474.5
3 474.6
3 474.7
3 474.8
3 474.9
3 475
3 475.1
3 475.2
3 475.3
3 475.4
3 475.5
3 475.6
3 475.7
3 475.8
3 475.9
3 476
3 476.1
3 476.2
3 476.3
3 476.4
3 476.5
3 476.6
3 476.7
3 476.8
3 476.9
3 477
3 477.1
3 477.2
3 477.3
3 477.4
3 477.5
3 477.6
3 477.7
3 477.8
3 477.9
3 478
3 478.1
3 478.2
3 478.3
3 478.4
3 478.5
3 478.6
3 478.7
3 478.8
3 478.9
3 479
3 479.1
3 479.2
3 479.3
3 479.4
3 479.5
3 479.6
3 479.7
3 479.8
3 479.9
3 480
3 480.1
3 480.2
3 480.3
3 480.4
3 480.5
3 480.6
3 480.7
3 480.8
3 480.9
3 481
3 481.1
3 481.2
3 481.3
3 481.4
3 481.5
3 481.6
3 481.7
3 481.8
3 481.9
3 482
3 482.1
3 482.2
3 482.3
3 482.4
3 482.5
3 482.6
3 482.7
3 482.8
3 482.9
3 483
3 483.1
3 483.2
3 483.3
3 483.4
3 483.5
3 483.6
3 483.7
3 483.8
3 483.9
3 484
3 484.1
3 484.2
3 484.3
3 484.4
3 484.5
3 484.6
3 484.7
3 484.8
3 484.9
3 485
3 485.1
3 485.2
3 485.3
3 485.4
3 485.5
3 485.6
3 485.7
3 485.8
3 485.9
3 486
3 486.1
3 486.2
3 486.3
3 486.4
3 486.5
3 486.6
3 486.7
3 486.8
3 486.9
3 487
3 487.1
3 487.2
3 487.3
3 487.4
3 487.5
3 487.6
3 487.7
3 487.8
3 487.9
3 488
3 488.1
3 488.2
3 488.3
3 488.4
3 488.5
3 488.6
3 488.7
3 488.8
3 488.9
3 489
3 489.1
3 489.2
3 489.3
3 489.4
3 489.5
3 489.6
3 489.7
3 489.8
3 489.9
3 490
3 490.1
3 490.2
3 490.3
3 490.4
3 490.5
3 490.6
3 490.7
3 490.8
3 490.9
3 491
3 491.1
3 491.2
3 491.3
3 491.4
3 491.5
3 491.6
3 491.7
3 491.8
3 491.9
3 492
3 492.1
3 492.2
3 492.3
3 492.4
3 492.5
3 492.6
3 492.7
3 492.8
3 492.9
3 493
3 493.1
3 493.2
3 493.3
3 493.4
3 493.5
3 493.6
3 493.7
3 493.8
3 493.9
3 494
3 494.1
3 494.2
3 494.3
3 494.4
3 494.5
3 494.6
3 494.7
3 494.8
3 494.9
3 495
3 495.1
3 495.2
3 495.3
3 495.4
3 495.5
3 495.6
3 495.7
3 495.8
3 495.9
3 496
3 496.1
3 496.2
3 496.3
3 496.4
3 496.5
3 496.6
3 496.7
3 496.8
3 496.9
3 497
3 497.1
3 497.2
3 497.3
3 497.4
3 497.5
3 497.6
3 497.7
3 497.8
3 497.9
3 498
3 498.1
3 498.2
3 498.3
3 498.4
3 498.5
3 498.6
3 498.7
3 498.8
3 498.9
3 499
3 499.1
3 499.2
3 499.3
3 499.4
3 499.5
3 499.6
3 499.7
3 499.8
3 499.9
3 500
3 500.1
3 500.2
3 500.3
3 500.4
3 500.5
3 500.6
3 500.7
3 500.8
3 500.9
3 501
3 501.1
3 501.2
3 501.3
3 501.4
3 501.5
3 501.6
3 501.7
3 501.8
3 501.9
3 502
3 502.1
3 502.2
3 502.3
3 502.4
3 502.5
3 502.6
3 502.7
3 502.8
3 502.9
3 503
3 503.1
3 503.2
3 503.3
3 503.4
3 503.5
3 503.6
3 503.7
3 503.8
3 503.9
3 504
3 504.1
3 504.2
3 504.3
3 504.4
3 504.5
3 504.6
3 504.7
3 504.8
3 504.9
3 505
3 505.1
3 505.2
3 505.3
3 505.4
3 505.5
3 505.6
3 505.7
3 505.8
3 505.9
3 506
3 506.1
3 506.2
3 506.3
3 506.4
3 506.5
3 506.6
3 506.7
3 506.8
3 506.9
3 507
3 507.1
3 507.2
3 507.3
3 507.4
3 507.5
3 507.6
3 507.7
3 507.8
3 507.9
3 508
3 508.1
3 508.2
3 508.3
3 508.4
3 508.5
3 508.6
3 508.7
3 508.8
3 508.9
3 509
3 509.1
3 509.2
3 509.3
3 509.4
3 509.5
3 509.6
3 509.7
3 509.8
3 509.9
3 510
3 510.1
3 510.2
3 510.3
3 510.4
3 510.5
3 510.6
3 510.7
3 510.8
4 510.9
4 511
4 511.1
4 511.2
4 511.3
4 511.4
4 511.5
4 511.6
4 511.7
4 511.8
4 511.9
4 512
4 512.1
4 512.2
4 512.3
4 512.4
4 512.5
4 512.6
4 512.7
4 512.8
4 512.9
4 513
4 513.1
4 513.2
4 513.3
4 513.4
4 513.5
4 513.6
4 513.7
4 513.8
4 513.9
4 514
4 514.1
4 514.2
4 514.3
4 514.4
4 514.5
4 514.6
4 514.7
4 514.8
4 514.9
4 515
4 515.1
4 515.2
4 515.3
4 515.4
4 515.5
4 515.6
4 515.7
4 515.8
4 515.9
4 516
4 516.1
4 516.2
4 516.3
4 516.4
4 516.5
4 516.6
4 516.7
4 516.8
4 516.9
4 517
4 517.1
4 517.2
4 517.3
4 517.4
4 517.5
4 517.6
4 517.7
4 517.8
4 517.9
4 518
4 518.1
4 518.2
4 518.3
4 518.4
4 518.5
4 518.6
4 518.7
4 518.8
4 518.9
4 519
4 519.1
4 519.2
4 519.3
4 519.4
4 519.5
4 519.6
4 519.7
4 519.8
4 519.9
4 520
4 520.1
4 520.2
4 520.3
4 520.4
4 520.5
4 520.6
4 520.7
4 520.8
4 520.9
4 521
4 521.1
4 521.2
4 521.3
4 521.4
4 521.5
4 521.6
4 521.7
4 521.8
4 521.9
4 522
4 522.1
4 522.2
4 522.3
4 522.4
4 522.5
4 522.6
4 522.7
4 522.8
4 522.9
4 523
4 523.1
4 523.2
4 523.3
4 523.4
4 523.5
4 523.6
4 523.7
4 523.8
4 523.9
4 524
4 524.1
4 524.2
4 524.3
4 524.4
4 524.5
4 524.6
4 524.7
4 524.8
4 524.9
4 525
4 525.1
4 525.2
4 525.3
4 525.4
4 525.5
4 525.6
4 525.7
4 525.8
4 525.9
4 526
4 526.1
4 526.2
4 526.3
4 526.4
4 526.5
4 526.6
4 526.7
4 526.8
4 526.9
4 527
4 527.1
4 527.2
4 527.3
4 527.4
4 527.5
4 527.6
4 527.7
4 527.8
4 527.9
4 528
4 528.1
4 528.2
4 528.3
4 528.4
4 528.5
4 528.6
4 528.7
4 528.8
4 528.9
4 529
4 529.1
4 529.2
4 529.3
4 529.4
4 529.5
4 529.6
4 529.7
4 529.8
4 529.9
4 530
4 530.1
4 530.2
4 530.3
4 530.4
4 530.5
4 530.6
4 530.7
4 530.8
4 530.9
4 531
4 531.1
4 531.2
4 531.3
4 531.4
4 531.5
4 531.6
4 531.7
4 531.8
4 531.9
4 532
4 532.1
4 532.2
4 532.3
4 532.4
4 532.5
4 532.6
4 532.7
4 532.8
4 532.9
4 533
4 533.1
4 533.2
4 533.3
4 533.4
4 533.5
4 533.6
4 533.7
4 533.8
4 533.9
4 534
4 534.1
4 534.2
4 534.3
4 534.4
4 534.5
4 534.6
4 534.7
4 534.8
4 534.9
4 535
4 535.1
4 535.2
4 535.3
4 535.4
4 535.5
4 535.6
4 535.7
4 535.8
4 535.9
4 536
4 536.1
4 536.2
4 536.3
4 536.4
4 536.5
4 536.6
4 536.7
4 536.8
4 536.9
4 537
4 537.1
4 537.2
4 537.3
4 537.4
4 537.5
4 537.6
4 537.7
4 537.8
4 537.9
4 538
4 538.1
4 538.2
4 538.3
4 538.4
4 538.5
4 538.6
4 538.7
4 538.8
4 538.9
4 539
4 539.1
4 539.2
4 539.3
4 539.4
4 539.5
4 539.6
4 539.7
4 539.8
4 539.9
4 540
4 540.1
4 540.2
4 540.3
4 540.4
4 540.5
4 540.6
4 540.7
4 540.8
4 540.9
4 541
4 541.1
4 541.2
4 541.3
4 541.4
4 541.5
4 541.6
4 541.7
4 541.8
4 541.9
4 542
4 542.1
4 542.2
4 542.3
4 542.4
4 542.5
4 542.6
4 542.7
4 542.8
4 542.9
4 543
4 543.1
4 543.2
4 543.3
4 543.4
4 543.5
4 543.6
4 543.7
4 543.8
4 543.9
4 544
4 544.1
4 544.2
4 544.3
4 544.4
4 544.5
4 544.6
4 544.7
4 544.8
4 544.9
4 545
4 545.1
4 545.2
4 545.3
4 545.4
4 545.5
4 545.6
4 545.7
4 545.8
4 545.9
4 546
4 546.1
4 546.2
4 546.3
4 546.4
4 546.5
4 546.6
4 546.7
4 546.8
4 546.9
4 547
4 547.1
4 547.2
4 547.3
4 547.4
4 547.5
4 547.6
4 547.7
4 547.8
4 547.9
4 548
4 548.1
4 548.2
4 548.3
4 548.4
4 548.5
4 548.6
4 548.7
4 548.8
4 548.9
4 549
4 549.1
4 549.2
4 549.3
4 549.4
4 549.5
4 549.6
4 549.7
4 549.8
4 549.9
4 550
4 550.1
4 550.2
4 550.3
4 550.4
4 550.5
4 550.6
4 550.7
4 550.8
4 550.9
4 551
4 551.1
4 551.2
4 551.3
4 551.4
4 551.5
4 551.6
4 551.7
4 551.8
4 551.9
4 552
4 552.1
4 552.2
4 552.3
4 552.4
4 552.5
4 552.6
4 552.7
4 552.8
4 552.9
4 553
4 553.1
4 553.2
4 553.3
4 553.4
4 553.5
4 553.6
4 553.7
4 553.8
4 553.9
4 554
4 554.1
4 554.2
4 554.3
4 554.4
4 554.5
4 554.6
4 554.7
4 554.8
4 554.9
4 555
4 555.1
4 555.2
4 555.3
4 555.4
4 555.5
4 555.6
4 555.7
4 555.8
4 555.9
4 556
4 556.1
4 556.2
4 556.3
4 556.4
4 556.5
4 556.6
4 556.7
4 556.8
4 556.9
4 557
4 557.1
4 557.2
4 557.3
4 557.4
4 557.5
4 557.6
4 557.7
4 557.8
4 557.9
4 558
4 558.1
4 558.2
4 558.3
4 558.4
4 558.5
4 558.6
4 558.7
4 558.8
4 558.9
4 559
4 559.1
4 559.2
4 559.3
4 559.4
4 559.5
4 559.6
4 559.7
4 559.8
4 559.9
4 560
4 560.1
4 560.2
4 560.3
4 560.4
4 560.5
4 560.6
4 560.7
4 560.8
4 560.9
4 561
4 561.1
4 561.2
4 561.3
4 561.4
4 561.5
4 561.6
4 561.7
4 561.8
4 561.9
4 562
4 562.1
4 562.2
4 562.3
4 562.4
4 562.5
4 562.6
4 562.7
4 562.8
4 562.9
4 563
4 563.1
4 563.2
4 563.3
4 563.4
4 563.5
4 563.6
4 563.7
4 563.8
4 563.9
4 564
4 564.1
4 564.2
4 564.3
4 564.4
4 564.5
4 564.6
4 564.7
4 564.8
4 564.9
4 565
4 565.1
4 565.2
4 565.3
4 565.4
4 565.5
4 565.6
4 565.7
4 565.8
4 565.9
4 566
4 566.1
4 566.2
4 566.3
4 566.4
4 566.5
4 566.6
4 566.7
4 566.8
4 566.9
4 567
4 567.1
4 567.2
4 567.3
4 567.4
4 567.5
4 567.6
4 567.7
4 567.8
4 567.9
4 568
4 568.1
4 568.2
4 568.3
4 568.4
4 568.5
4 568.6
4 568.7
4 568.8
4 568.9
4 569
4 569.1
4 569.2
4 569.3
4 569.4
4 569.5
4 569.6
4 569.7
4 569.8
4 569.9
4 570
4 570.1
4 570.2
4 570.3
4 570.4
4 570.5
4 570.6
4 570.7
4 570.8
4 570.9
4 571
4 571.1
4 571.2
4 571.3
4 571.4
4 571.5
4 571.6
4 571.7
4 571.8
4 571.9
4 572
4 572.1
4 572.2
4 572.3
4 572.4
5 572.5
5 572.6
5 572.7
5 572.8
5 572.9
5 573
5 573.1
5 573.2
5 573.3
5 573.4
5 573.5
5 573.6
5 573.7
5 573.8
5 573.9
5 574
5 574.1
5 574.2
5 574.3
5 574.4
5 574.5
5 574.6
5 574.7
5 574.8
5 574.9
5 575
5 575.1
5 575.2
5 575.3
5 575.4
5 575.5
5 575.6
5 575.7
5 575.8
5 575.9
5 576
5 576.1
5 576.2
5 576.3
5 576.4
5 576.5
5 576.6
5 576.7
5 576.8
5 576.9
5 577
5 577.1
5 577.2
5 577.3
5 577.4
5 577.5
5 577.6
5 577.7
5 577.8
5 577.9
5 578
5 578.1
5 578.2
5 578.3
5 578.4
5 578.5
5 578.6
5 578.7
5 578.8
5 578.9
5 579
5 579.1
5 579.2
5 579.3
5 579.4
5 579.5
5 579.6
5 579.7
5 579.8
5 579.9
5 580
5 580.1
5 580.2
5 580.3
5 580.4
5 580.5
5 580.6
5 580.7
5 580.8
5 580.9
5 581
5 581.1
5 581.2
5 581.3
5 581.4
5 581.5
5 581.6
5 581.7
5 581.8
5 581.9
5 582
5 582.1
5 582.2
5 582.3
5 582.4
5 582.5
5 582.6
5 582.7
5 582.8
5 582.9
5 583
5 583.1
5 583.2
5 583.3
5 583.4
5 583.5
5 583.6
5 583.7
5 583.8
5 583.9
5 584
5 584.1
5 584.2
5 584.3
5 584.4
5 584.5
5 584.6
5 584.7
5 584.8
5 584.9
5 585
5 585.1
5 585.2
5 585.3
5 585.4
5 585.5
5 585.6
5 585.7
5 585.8
5 585.9
5 586
5 586.1
5 586.2
5 586.3
5 586.4
5 586.5
5 586.6
5 586.7
5 586.8
5 586.9
5 587
5 587.1
5 587.2
5 587.3
5 587.4
5 587.5
5 587.6
5 587.7
5 587.8
5 587.9
5 588
5 588.1
5 588.2
5 588.3
5 588.4
5 588.5
5 588.6
5 588.7
5 588.8
5 588.9
5 589
5 589.1
5 589.2
5 589.3
5 589.4
5 589.5
5 589.6
5 589.7
5 589.8
5 589.9
5 590
5 590.1
5 590.2
5 590.3
5 590.4
5 590.5
5 590.6
5 590.7
5 590.8
5 590.9
5 591
5 591.1
5 591.2
5 591.3
5 591.4
5 591.5
5 591.6
5 591.7
5 591.8
5 591.9
5 592
5 592.1
5 592.2
5 592.3
5 592.4
5 592.5
5 592.6
5 592.7
5 592.8
5 592.9
5 593
5 593.1
5 593.2
5 593.3
5 593.4
5 593.5
5 593.6
5 593.7
5 593.8
5 593.9
5 594
5 594.1
5 594.2
5 594.3
5 594.4
5 594.5
5 594.6
5 594.7
5 594.8
5 594.9
5 595
5 595.1
5 595.2
5 595.3
5 595.4
5 595.5
5 595.6
5 595.7
5 595.8
5 595.9
5 596
5 596.1
5 596.2
5 596.3
5 596.4
5 596.5
5 596.6
5 596.7
5 596.8
5 596.9
5 597
5 597.1
5 597.2
5 597.3
5 597.4
5 597.5
5 597.6
5 597.7
5 597.8
5 597.9
5 598
5 598.1
5 598.2
5 598.3
5 598.4
5 598.5
5 598.6
5 598.7
5 598.8
5 598.9
5 599
5 599.1
5 599.2
5 599.3
5 599.4
5 599.5
5 599.6
5 599.7
5 599.8
5 599.9
5 600
5 600.1
5 600.2
5 600.3
5 600.4
5 600.5
5 600.6
5 600.7
5 600.8
5 600.9
5 601
5 601.1
5 601.2
5 601.3
5 601.4
5 601.5
5 601.6
5 601.7
5 601.8
5 601.9
5 602
5 602.1
5 602.2
5 602.3
5 602.4
5 602.5
5 602.6
5 602.7
5 602.8
5 602.9
5 603
5 603.1
5 603.2
5 603.3
5 603.4
5 603.5
5 603.6
5 603.7
5 603.8
5 603.9
5 604
5 604.1
5 604.2
5 604.3
5 604.4
5 604.5
5 604.6
5 604.7
5 604.8
5 604.9
5 605
5 605.1
5 605.2
5 605.3
5 605.4
5 605.5
5 605.6
5 605.7
5 605.8
5 605.9
5 606
5 606.1
5 606.2
5 606.3
5 606.4
5 606.5
5 606.6
5 606.7
5 606.8
5 606.9
5 607
5 607.1
5 607.2
5 607.3
5 607.4
5 607.5
5 607.6
5 607.7
5 607.8
5 607.9
5 608
5 608.1
5 608.2
5 608.3
5 608.4
5 608.5
5 608.6
5 608.7
5 608.8
5 608.9
5 609
5 609.1
5 609.2
5 609.3
5 609.4
5 609.5
5 609.6
5 609.7
5 609.8
5 609.9
5 610
5 610.1
5 610.2
5 610.3
5 610.4
5 610.5
5 610.6
5 610.7
5 610.8
5 610.9
5 611
5 611.1
5 611.2
5 611.3
5 611.4
5 611.5
5 611.6
5 611.7
5 611.8
5 611.9
5 612
5 612.1
5 612.2
5 612.3
5 612.4
5 612.5
5 612.6
5 612.7
5 612.8
5 612.9
5 613
5 613.1
5 613.2
5 613.3
5 613.4
5 613.5
5 613.6
5 613.7
5 613.8
5 613.9
5 614
5 614.1
5 614.2
5 614.3
5 614.4
5 614.5
5 614.6
5 614.7
5 614.8
5 614.9
5 615
5 615.1
5 615.2
5 615.3
5 615.4
5 615.5
5 615.6
5 615.7
5 615.8
5 615.9
5 616
5 616.1
5 616.2
5 616.3
5 616.4
5 616.5
5 616.6
5 616.7
5 616.8
5 616.9
5 617
5 617.1
5 617.2
5 617.3
5 617.4
5 617.5
6 617.6
6 617.7
6 617.8
6 617.9
6 618
6 618.1
6 618.2
6 618.3
6 618.4
6 618.5
6 618.6
6 618.7
6 618.8
6 618.9
6 619
6 619.1
6 619.2
6 619.3
6 619.4
6 619.5
6 619.6
6 619.7
6 619.8
6 619.9
6 620
6 620.1
6 620.2
6 620.3
6 620.4
6 620.5
6 620.6
6 620.7
6 620.8
6 620.9
6 621
6 621.1
6 621.2
6 621.3
6 621.4
6 621.5
6 621.6
6 621.7
6 621.8
6 621.9
6 622
6 622.1
6 622.2
6 622.3
6 622.4
6 622.5
6 622.6
6 622.7
6 622.8
6 622.9
6 623
6 623.1
6 623.2
6 623.3
6 623.4
6 623.5
6 623.6
6 623.7
6 623.8
6 623.9
6 624
6 624.1
6 624.2
6 624.3
6 624.4
6 624.5
6 624.6
6 624.7
6 624.8
6 624.9
6 625
6 625.1
6 625.2
6 625.3
6 625.4
6 625.5
6 625.6
6 625.7
6 625.8
6 625.9
6 626
6 626.1
6 626.2
6 626.3
6 626.4
6 626.5
6 626.6
6 626.7
6 626.8
6 626.9
6 627
6 627.1
6 627.2
6 627.3
6 627.4
6 627.5
6 627.6
6 627.7
6 627.8
6 627.9
6 628
6 628.1
6 628.2
6 628.3
6 628.4
6 628.5
6 628.6
6 628.7
6 628.8
6 628.9
6 629
6 629.1
6 629.2
6 629.3
6 629.4
6 629.5
6 629.6
6 629.7
6 629.8
6 629.9
6 630
6 630.1
6 630.2
6 630.3
6 630.4
6 630.5
6 630.6
6 630.7
6 630.8
6 630.9
6 631
6 631.1
6 631.2
6 631.3
6 631.4
6 631.5
6 631.6
6 631.7
6 631.8
6 631.9
6 632
6 632.1
6 632.2
6 632.3
6 632.4
6 632.5
6 632.6
6 632.7
6 632.8
6 632.9
6 633
6 633.1
6 633.2
6 633.3
6 633.4
6 633.5
6 633.6
6 633.7
6 633.8
6 633.9
6 634
6 634.1
6 634.2
6 634.3
6 634.4
6 634.5
6 634.6
6 634.7
6 634.8
6 634.9
6 635
6 635.1
6 635.2
6 635.3
6 635.4
6 635.5
6 635.6
6 635.7
6 635.8
6 635.9
6 636
6 636.1
6 636.2
6 636.3
6 636.4
6 636.5
6 636.6
6 636.7
6 636.8
6 636.9
6 637
6 637.1
6 637.2
6 637.3
6 637.4
6 637.5
6 637.6
6 637.7
6 637.8
6 637.9
6 638
6 638.1
6 638.2
6 638.3
6 638.4
6 638.5
6 638.6
6 638.7
6 638.8
6 638.9
6 639
6 639.1
6 639.2
6 639.3
6 639.4
6 639.5
6 639.6
6 639.7
6 639.8
6 639.9
6 640
6 640.1
6 640.2
6 640.3
6 640.4
6 640.5
6 640.6
6 640.7
6 640.8
6 640.9
6 641
6 641.1
6 641.2
6 641.3
6 641.4
6 641.5
6 641.6
6 641.7
6 641.8
6 641.9
6 642
6 642.1
6 642.2
6 642.3
6 642.4
6 642.5
6 642.6
6 642.7
6 642.8
6 642.9
6 643
6 643.1
6 643.2
6 643.3
6 643.4
6 643.5
6 643.6
6 643.7
6 643.8
6 643.9
6 644
6 644.1
6 644.2
6 644.3
6 644.4
6 644.5
6 644.6
6 644.7
6 644.8
6 644.9
6 645
6 645.1
6 645.2
6 645.3
6 645.4
6 645.5
6 645.6
6 645.7
6 645.8
6 645.9
6 646
6 646.1
6 646.2
6 646.3
6 646.4
6 646.5
6 646.6
6 646.7
6 646.8
6 646.9
6 647
6 647.1
6 647.2
6 647.3
6 647.4
6 647.5
6 647.6
6 647.7
6 647.8
6 647.9
6 648
6 648.1
6 648.2
6 648.3
6 648.4
6 648.5
6 648.6
6 648.7
6 648.8
6 648.9
6 649
6 649.1
6 649.2
6 649.3
6 649.4
6 649.5
6 649.6
6 649.7
6 649.8
6 649.9
6 650
6 650.1
6 650.2
6 650.3
6 650.4
6 650.5
6 650.6
6 650.7
6 650.8
6 650.9
6 651
6 651.1
6 651.2
6 651.3
6 651.4
6 651.5
6 651.6
6 651.7
6 651.8
6 651.9
6 652
6 652.1
6 652.2
6 652.3
6 652.4
6 652.5
6 652.6
6 652.7
6 652.8
6 652.9
6 653
6 653.1
6 653.2
6 653.3
6 653.4
6 653.5
6 653.6
6 653.7
6 653.8
6 653.9
6 654
6 654.1
6 654.2
6 654.3
6 654.4
6 654.5
6 654.6
6 654.7
6 654.8
6 654.9
6 655
6 655.1
6 655.2
6 655.3
6 655.4
6 655.5
6 655.6
6 655.7
6 655.8
6 655.9
6 656
6 656.1
6 656.2
6 656.3
6 656.4
6 656.5
6 656.6
6 656.7
6 656.8
6 656.9
6 657
6 657.1
6 657.2
6 657.3
6 657.4
6 657.5
6 657.6
6 657.7
6 657.8
6 657.9
7 658
7 658.1
7 658.2
7 658.3
7 658.4
7 658.5
7 658.6
7 658.7
7 658.8
7 658.9
7 659
7 659.1
7 659.2
7 659.3
7 659.4
7 659.5
7 659.6
7 659.7
7 659.8
7 659.9
7 660
7 660.1
7 660.2
7 660.3
7 660.4
7 660.5
7 660.6
7 660.7
7 660.8
7 660.9
7 661
7 661.1
7 661.2
7 661.3
7 661.4
7 661.5
7 661.6
7 661.7
7 661.8
7 661.9
7 662
7 662.1
7 662.2
7 662.3
7 662.4
7 662.5
7 662.6
7 662.7
7 662.8
7 662.9
7 663
7 663.1
7 663.2
7 663.3
7 663.4
7 663.5
7 663.6
7 663.7
7 663.8
7 663.9
7 664
7 664.1
7 664.2
7 664.3
7 664.4
7 664.5
7 664.6
7 664.7
7 664.8
7 664.9
7 665
7 665.1
7 665.2
7 665.3
7 665.4
7 665.5
7 665.6
7 665.7
7 665.8
7 665.9
7 666
7 666.1
7 666.2
7 666.3
7 666.4
7 666.5
7 666.6
7 666.7
7 666.8
7 666.9
7 667
7 667.1
7 667.2
7 667.3
7 667.4
7 667.5
7 667.6
7 667.7
7 667.8
7 667.9
7 668
7 668.1
7 668.2
7 668.3
7 668.4
7 668.5
7 668.6
7 668.7
7 668.8
7 668.9
7 669
7 669.1
7 669.2
7 669.3
7 669.4
7 669.5
7 669.6
7 669.7
7 669.8
7 669.9
7 670
7 670.1
7 670.2
7 670.3
7 670.4
7 670.5
7 670.6
7 670.7
7 670.8
7 670.9
7 671
7 671.1
7 671.2
7 671.3
7 671.4
7 671.5
7 671.6
7 671.7
7 671.8
7 671.9
7 672
7 672.1
7 672.2
7 672.3
7 672.4
7 672.5
7 672.6
7 672.7
7 672.8
7 672.9
7 673
7 673.1
7 673.2
7 673.3
7 673.4
7 673.5
7 673.6
7 673.7
7 673.8
7 673.9
7 674
7 674.1
7 674.2
7 674.3
7 674.4
7 674.5
7 674.6
7 674.7
7 674.8
7 674.9
7 675
7 675.1
7 675.2
7 675.3
7 675.4
7 675.5
7 675.6
7 675.7
7 675.8
7 675.9
7 676
7 676.1
7 676.2
7 676.3
7 676.4
7 676.5
7 676.6
7 676.7
7 676.8
7 676.9
7 677
7 677.1
7 677.2
7 677.3
7 677.4
7 677.5
7 677.6
7 677.7
7 677.8
7 677.9
7 678
7 678.1
7 678.2
7 678.3
7 678.4
7 678.5
7 678.6
7 678.7
7 678.8
7 678.9
7 679
7 679.1
7 679.2
7 679.3
7 679.4
7 679.5
7 679.6
7 679.7
7 679.8
7 679.9
7 680
7 680.1
7 680.2
7 680.3
7 680.4
7 680.5
7 680.6
7 680.7
7 680.8
7 680.9
7 681
7 681.1
7 681.2
7 681.3
7 681.4
7 681.5
7 681.6
7 681.7
7 681.8
7 681.9
7 682
7 682.1
7 682.2
7 682.3
7 682.4
7 682.5
7 682.6
7 682.7
7 682.8
7 682.9
7 683
7 683.1
7 683.2
7 683.3
7 683.4
7 683.5
7 683.6
7 683.7
7 683.8
7 683.9
7 684
7 684.1
7 684.2
7 684.3
7 684.4
7 684.5
7 684.6
7 684.7
7 684.8
7 684.9
7 685
7 685.1
7 685.2
7 685.3
7 685.4
7 685.5
7 685.6
7 685.7
7 685.8
7 685.9
7 686
7 686.1
7 686.2
7 686.3
7 686.4
7 686.5
7 686.6
7 686.7
7 686.8
7 686.9
7 687
7 687.1
7 687.2
7 687.3
7 687.4
7 687.5
7 687.6
7 687.7
7 687.8
7 687.9
7 688
7 688.1
7 688.2
7 688.3
7 688.4
7 688.5
7 688.6
7 688.7
7 688.8
7 688.9
7 689
7 689.1
7 689.2
7 689.3
7 689.4
7 689.5
8 689.6
8 689.7
8 689.8
8 689.9
8 690
8 690.1
8 690.2
8 690.3
8 690.4
8 690.5
8 690.6
8 690.7
8 690.8
8 690.9
8 691
8 691.1
8 691.2
8 691.3
8 691.4
8 691.5
8 691.6
8 691.7
8 691.8
8 691.9
8 692
8 692.1
8 692.2
8 692.3
8 692.4
8 692.5
8 692.6
8 692.7
8 692.8
8 692.9
8 693
8 693.1
8 693.2
8 693.3
8 693.4
8 693.5
8 693.6
8 693.7
8 693.8
8 693.9
8 694
8 694.1
8 694.2
8 694.3
8 694.4
8 694.5
8 694.6
8 694.7
8 694.8
8 694.9
8 695
8 695.1
8 695.2
8 695.3
8 695.4
8 695.5
8 695.6
8 695.7
8 695.8
8 695.9
8 696
8 696.1
8 696.2
8 696.3
8 696.4
8 696.5
8 696.6
8 696.7
8 696.8
8 696.9
8 697
8 697.1
8 697.2
8 697.3
8 697.4
8 697.5
8 697.6
8 697.7
8 697.8
8 697.9
8 698
8 698.1
8 698.2
8 698.3
8 698.4
8 698.5
8 698.6
8 698.7
8 698.8
8 698.9
8 699
8 699.1
8 699.2
8 699.3
8 699.4
8 699.5
8 699.6
8 699.7
8 699.8
8 699.9
8 700
8 700.1
8 700.2
8 700.3
8 700.4
8 700.5
8 700.6
8 700.7
8 700.8
8 700.9
8 701
8 701.1
8 701.2
8 701.3
8 701.4
8 701.5
8 701.6
8 701.7
8 701.8
8 701.9
8 702
8 702.1
8 702.2
8 702.3
8 702.4
8 702.5
8 702.6
8 702.7
8 702.8
8 702.9
8 703
8 703.1
8 703.2
8 703.3
8 703.4
8 703.5
8 703.6
8 703.7
8 703.8
8 703.9
8 704
8 704.1
8 704.2
8 704.3
8 704.4
8 704.5
8 704.6
8 704.7
8 704.8
8 704.9
8 705
8 705.1
8 705.2
8 705.3
8 705.4
8 705.5
8 705.6
8 705.7
8 705.8
8 705.9
8 706
8 706.1
8 706.2
8 706.3
8 706.4
8 706.5
8 706.6
8 706.7
8 706.8
8 706.9
8 707
8 707.1
8 707.2
8 707.3
8 707.4
8 707.5
8 707.6
8 707.7
8 707.8
8 707.9
8 708
8 708.1
8 708.2
8 708.3
8 708.4
8 708.5
8 708.6
8 708.7
8 708.8
8 708.9
8 709
8 709.1
8 709.2
8 709.3
8 709.4
8 709.5
8 709.6
8 709.7
8 709.8
8 709.9
8 710
8 710.1
8 710.2
8 710.3
8 710.4
8 710.5
8 710.6
8 710.7
8 710.8
8 710.9
8 711
8 711.1
8 711.2
8 711.3
8 711.4
8 711.5
8 711.6
8 711.7
8 711.8
8 711.9
8 712
8 712.1
8 712.2
9 712.3
9 712.4
9 712.5
9 712.6
9 712.7
9 712.8
9 712.9
9 713
9 713.1
9 713.2
9 713.3
9 713.4
9 713.5
9 713.6
9 713.7
9 713.8
9 713.9
9 714
9 714.1
9 714.2
9 714.3
9 714.4
9 714.5
9 714.6
9 714.7
9 714.8
9 714.9
9 715
9 715.1
9 715.2
9 715.3
9 715.4
9 715.5
9 715.6
9 715.7
9 715.8
9 715.9
9 716
9 716.1
9 716.2
9 716.3
9 716.4
9 716.5
9 716.6
9 716.7
9 716.8
9 716.9
9 717
9 717.1
9 717.2
9 717.3
9 717.4
9 717.5
9 717.6
9 717.7
9 717.8
9 717.9
9 718
9 718.1
9 718.2
9 718.3
9 718.4
9 718.5
9 718.6
9 718.7
9 718.8
9 718.9
9 719
9 719.1
9 719.2
9 719.3
9 719.4
9 719.5
9 719.6
9 719.7
9 719.8
9 719.9
9 720
9 720.1
9 720.2
9 720.3
9 720.4
9 720.5
9 720.6
9 720.7
9 720.8
9 720.9
9 721
9 721.1
9 721.2
9 721.3
9 721.4
9 721.5
9 721.6
9 721.7
9 721.8
9 721.9
9 722
9 722.1
9 722.2
9 722.3
9 722.4
9 722.5
9 722.6
9 722.7
9 722.8
9 722.9
9 723
9 723.1
9 723.2
9 723.3
9 723.4
9 723.5
9 723.6
9 723.7
9 723.8
9 723.9
9 724
9 724.1
9 724.2
9 724.3
9 724.4
9 724.5
9 724.6
9 724.7
9 724.8
9 724.9
9 725
9 725.1
9 725.2
9 725.3
9 725.4
9 725.5
9 725.6
9 725.7
9 725.8
9 725.9
9 726
9 726.1
9 726.2
9 726.3
9 726.4
9 726.5
9 726.6
9 726.7
9 726.8
9 726.9
9 727
9 727.1
9 727.2
9 727.3
9 727.4
9 727.5
9 727.6
9 727.7
9 727.8
9 727.9
9 728
9 728.1
9 728.2
9 728.3
9 728.4
9 728.5
9 728.6
9 728.7
9 728.8
9 728.9
9 729
9 729.1
9 729.2
9 729.3
9 729.4
9 729.5
9 729.6
9 729.7
9 729.8
9 729.9
9 730
9 730.1
9 730.2
9 730.3
9 730.4
9 730.5
9 730.6
9 730.7
9 730.8
9 730.9
9 731
9 731.1
9 731.2
9 731.3
9 731.4
9 731.5
9 731.6
9 731.7
9 731.8
9 731.9
9 732
9 732.1
9 732.2
9 732.3
9 732.4
10 732.5
10 732.6
10 732.7
10 732.8
10 732.9
10 733
10 733.1
10 733.2
10 733.3
10 733.4
10 733.5
10 733.6
10 733.7
10 733.8
10 733.9
10 734
10 734.1
10 734.2
10 734.3
10 734.4
10 734.5
10 734.6
10 734.7
10 734.8
10 734.9
10 735
10 735.1
10 735.2
10 735.3
10 735.4
10 735.5
10 735.6
10 735.7
10 735.8
10 735.9
10 736
10 736.1
10 736.2
10 736.3
10 736.4
10 736.5
10 736.6
10 736.7
10 736.8
10 736.9
10 737
10 737.1
10 737.2
10 737.3
10 737.4
10 737.5
10 737.6
10 737.7
10 737.8
10 737.9
10 738
10 738.1
10 738.2
10 738.3
10 738.4
10 738.5
10 738.6
10 738.7
10 738.8
10 738.9
10 739
10 739.1
10 739.2
10 739.3
10 739.4
10 739.5
10 739.6
10 739.7
10 739.8
10 739.9
10 740
10 740.1
10 740.2
10 740.3
10 740.4
10 740.5
10 740.6
10 740.7
10 740.8
10 740.9
10 741
10 741.1
10 741.2
10 741.3
10 741.4
10 741.5
10 741.6
10 741.7
10 741.8
10 741.9
10 742
10 742.1
10 742.2
10 742.3
10 742.4
10 742.5
10 742.6
10 742.7
10 742.8
10 742.9
10 743
10 743.1
10 743.2
10 743.3
10 743.4
10 743.5
10 743.6
10 743.7
10 743.8
10 743.9
10 744
10 744.1
10 744.2
10 744.3
10 744.4
10 744.5
10 744.6
10 744.7
10 744.8
10 744.9
10 745
10 745.1
10 745.2
10 745.3
10 745.4
10 745.5
10 745.6
10 745.7
10 745.8
10 745.9
10 746
10 746.1
10 746.2
10 746.3
10 746.4
10 746.5
10 746.6
10 746.7
10 746.8
10 746.9
10 747
10 747.1
10 747.2
10 747.3
10 747.4
10 747.5
10 747.6
10 747.7
10 747.8
10 747.9
10 748
10 748.1
10 748.2
10 748.3
10 748.4
10 748.5
10 748.6
10 748.7
10 748.8
10 748.9
10 749
10 749.1
10 749.2
11 749.3
11 749.4
11 749.5
11 749.6
11 749.7
11 749.8
11 749.9
11 750
11 750.1
11 750.2
11 750.3
11 750.4
11 750.5
11 750.6
11 750.7
11 750.8
11 750.9
11 751
11 751.1
11 751.2
11 751.3
11 751.4
11 751.5
11 751.6
11 751.7
11 751.8
11 751.9
11 752
11 752.1
11 752.2
11 752.3
11 752.4
11 752.5
11 752.6
11 752.7
11 752.8
11 752.9
11 753
11 753.1
11 753.2
11 753.3
11 753.4
11 753.5
11 753.6
11 753.7
11 753.8
11 753.9
11 754
11 754.1
11 754.2
11 754.3
11 754.4
11 754.5
11 754.6
11 754.7
11 754.8
11 754.9
11 755
11 755.1
11 755.2
11 755.3
11 755.4
11 755.5
11 755.6
11 755.7
11 755.8
11 755.9
11 756
11 756.1
11 756.2
11 756.3
11 756.4
11 756.5
11 756.6
11 756.7
11 756.8
11 756.9
11 757
11 757.1
11 757.2
11 757.3
11 757.4
11 757.5
11 757.6
11 757.7
11 757.8
11 757.9
11 758
11 758.1
11 758.2
11 758.3
11 758.4
11 758.5
11 758.6
11 758.7
11 758.8
11 758.9
11 759
11 759.1
11 759.2
11 759.3
11 759.4
11 759.5
11 759.6
11 759.7
11 759.8
11 759.9
11 760
11 760.1
11 760.2
11 760.3
11 760.4
11 760.5
11 760.6
11 760.7
11 760.8
11 760.9
11 761
11 761.1
11 761.2
11 761.3
11 761.4
11 761.5
11 761.6
11 761.7
11 761.8
11 761.9
11 762
11 762.1
11 762.2
11 762.3
11 762.4
11 762.5
11 762.6
11 762.7
12 762.8
12 762.9
12 763
12 763.1
12 763.2
12 763.3
12 763.4
12 763.5
12 763.6
12 763.7
12 763.8
12 763.9
12 764
12 764.1
12 764.2
12 764.3
12 764.4
12 764.5
12 764.6
12 764.7
12 764.8
12 764.9
12 765
12 765.1
12 765.2
12 765.3
12 765.4
12 765.5
12 765.6
12 765.7
12 765.8
12 765.9
12 766
12 766.1
12 766.2
12 766.3
12 766.4
12 766.5
12 766.6
12 766.7
12 766.8
12 766.9
12 767
12 767.1
12 767.2
12 767.3
12 767.4
12 767.5
12 767.6
12 767.7
12 767.8
12 767.9
12 768
12 768.1
12 768.2
12 768.3
12 768.4
12 768.5
12 768.6
12 768.7
12 768.8
12 768.9
12 769
12 769.1
12 769.2
12 769.3
12 769.4
12 769.5
12 769.6
12 769.7
12 769.8
12 769.9
12 770
12 770.1
12 770.2
12 770.3
12 770.4
12 770.5
12 770.6
12 770.7
12 770.8
12 770.9
12 771
12 771.1
12 771.2
12 771.3
12 771.4
12 771.5
12 771.6
12 771.7
12 771.8
12 771.9
12 772
12 772.1
12 772.2
12 772.3
12 772.4
12 772.5
12 772.6
12 772.7
12 772.8
12 772.9
12 773
12 773.1
12 773.2
12 773.3
12 773.4
12 773.5
12 773.6
12 773.7
12 773.8
12 773.9
12 774
12 774.1
12 774.2
12 774.3
12 774.4
12 774.5
12 774.6
12 774.7
12 774.8
12 774.9
12 775
12 775.1
12 775.2
12 775.3
12 775.4
12 775.5
12 775.6
12 775.7
12 775.8
12 775.9
12 776
12 776.1
13 776.2
13 776.3
13 776.4
13 776.5
13 776.6
13 776.7
13 776.8
13 776.9
13 777
13 777.1
13 777.2
13 777.3
13 777.4
13 777.5
13 777.6
13 777.7
13 777.8
13 777.9
13 778
13 778.1
13 778.2
13 778.3
13 778.4
13 778.5
13 778.6
13 778.7
13 778.8
13 778.9
13 779
13 779.1
13 779.2
13 779.3
13 779.4
13 779.5
13 779.6
13 779.7
13 779.8
13 779.9
13 780
13 780.1
13 780.2
13 780.3
13 780.4
13 780.5
13 780.6
13 780.7
13 780.8
13 780.9
13 781
13 781.1
13 781.2
13 781.3
13 781.4
13 781.5
13 781.6
13 781.7
13 781.8
13 781.9
13 782
13 782.1
13 782.2
13 782.3
13 782.4
13 782.5
13 782.6
13 782.7
13 782.8
13 782.9
13 783
13 783.1
13 783.2
13 783.3
13 783.4
13 783.5
13 783.6
13 783.7
13 783.8
13 783.9
13 784
13 784.1
13 784.2
13 784.3
13 784.4
13 784.5
13 784.6
13 784.7
13 784.8
13 784.9
13 785
13 785.1
13 785.2
13 785.3
13 785.4
13 785.5
13 785.6
13 785.7
13 785.8
13 785.9
14 786
14 786.1
14 786.2
14 786.3
14 786.4
14 786.5
14 786.6
14 786.7
14 786.8
14 786.9
14 787
14 787.1
14 787.2
14 787.3
14 787.4
14 787.5
14 787.6
14 787.7
14 787.8
14 787.9
14 788
14 788.1
14 788.2
14 788.3
14 788.4
14 788.5
14 788.6
14 788.7
14 788.8
14 788.9
14 789
14 789.1
14 789.2
14 789.3
14 789.4
14 789.5
14 789.6
14 789.7
14 789.8
14 789.9
14 790
14 790.1
14 790.2
14 790.3
14 790.4
14 790.5
14 790.6
14 790.7
14 790.8
14 790.9
14 791
14 791.1
14 791.2
14 791.3
14 791.4
14 791.5
14 791.6
14 791.7
14 791.8
14 791.9
14 792
14 792.1
14 792.2
14 792.3
14 792.4
14 792.5
14 792.6
14 792.7
14 792.8
14 792.9
14 793
14 793.1
14 793.2
14 793.3
14 793.4
14 793.5
14 793.6
14 793.7
14 793.8
14 793.9
14 794
14 794.1
14 794.2
14 794.3
14 794.4
15 794.5
15 794.6
15 794.7
15 794.8
15 794.9
15 795
15 795.1
15 795.2
15 795.3
15 795.4
15 795.5
15 795.6
15 795.7
15 795.8
15 795.9
15 796
15 796.1
15 796.2
15 796.3
15 796.4
15 796.5
15 796.6
15 796.7
15 796.8
15 796.9
15 797
15 797.1
15 797.2
15 797.3
15 797.4
15 797.5
15 797.6
15 797.7
15 797.8
15 797.9
15 798
15 798.1
15 798.2
15 798.3
15 798.4
15 798.5
15 798.6
15 798.7
15 798.8
15 798.9
15 799
15 799.1
15 799.2
15 799.3
15 799.4
15 799.5
15 799.6
15 799.7
15 799.8
15 799.9
15 800
15 800.1
15 800.2
15 800.3
15 800.4
15 800.5
15 800.6
15 800.7
15 800.8
15 800.9
15 801
15 801.1
15 801.2
15 801.3
15 801.4
15 801.5
15 801.6
15 801.7
15 801.8
15 801.9
15 802
15 802.1
15 802.2
15 802.3
15 802.4
15 802.5
16 802.6
16 802.7
16 802.8
16 802.9
16 803
16 803.1
16 803.2
16 803.3
16 803.4
16 803.5
16 803.6
16 803.7
16 803.8
16 803.9
16 804
16 804.1
16 804.2
16 804.3
16 804.4
16 804.5
16 804.6
16 804.7
16 804.8
16 804.9
16 805
16 805.1
16 805.2
16 805.3
16 805.4
16 805.5
16 805.6
16 805.7
16 805.8
16 805.9
16 806
16 806.1
16 806.2
16 806.3
16 806.4
16 806.5
16 806.6
16 806.7
16 806.8
16 806.9
16 807
16 807.1
16 807.2
16 807.3
16 807.4
16 807.5
16 807.6
16 807.7
16 807.8
16 807.9
16 808
16 808.1
16 808.2
16 808.3
16 808.4
16 808.5
16 808.6
16 808.7
16 808.8
16 808.9
16 809
16 809.1
16 809.2
16 809.3
16 809.4
16 809.5
16 809.6
16 809.7
16 809.8
17 809.9
17 810
17 810.1
17 810.2
17 810.3
17 810.4
17 810.5
17 810.6
17 810.7
17 810.8
17 810.9
17 811
17 811.1
17 811.2
17 811.3
17 811.4
17 811.5
17 811.6
17 811.7
17 811.8
17 811.9
17 812
17 812.1
17 812.2
17 812.3
17 812.4
17 812.5
17 812.6
17 812.7
17 812.8
17 812.9
17 813
17 813.1
17 813.2
17 813.3
17 813.4
17 813.5
17 813.6
17 813.7
17 813.8
17 813.9
17 814
17 814.1
17 814.2
17 814.3
17 814.4
17 814.5
17 814.6
17 814.7
17 814.8
17 814.9
17 815
17 815.1
17 815.2
17 815.3
17 815.4
17 815.5
18 815.6
18 815.7
18 815.8
18 815.9
18 816
18 816.1
18 816.2
18 816.3
18 816.4
18 816.5
18 816.6
18 816.7
18 816.8
18 816.9
18 817
18 817.1
18 817.2
18 817.3
18 817.4
18 817.5
18 817.6
18 817.7
18 817.8
18 817.9
18 818
18 818.1
18 818.2
18 818.3
18 818.4
18 818.5
18 818.6
18 818.7
18 818.8
18 818.9
18 819
18 819.1
18 819.2
18 819.3
18 819.4
18 819.5
18 819.6
18 819.7
18 819.8
18 819.9
18 820
18 820.1
18 820.2
18 820.3
18 820.4
19 820.5
19 820.6
19 820.7
19 820.8
19 820.9
19 821
19 821.1
19 821.2
19 821.3
19 821.4
19 821.5
19 821.6
19 821.7
19 821.8
19 821.9
19 822
19 822.1
19 822.2
19 822.3
19 822.4
19 822.5
19 822.6
19 822.7
19 822.8
19 822.9
19 823
19 823.1
19 823.2
19 823.3
19 823.4
19 823.5
19 823.6
19 823.7
19 823.8
19 823.9
19 824
20 824.1
20 824.2
20 824.3
20 824.4
20 824.5
20 824.6
20 824.7
20 824.8
20 824.9
20 825
20 825.1
20 825.2
20 825.3
20 825.4
20 825.5
20 825.6
20 825.7
20 825.8
20 825.9
20 826
20 826.1
20 826.2
20 826.3
20 826.4
20 826.5
20 826.6
20 826.7
21 826.8
21 826.9
21 827
21 827.1
21 827.2
21 827.3
21 827.4
21 827.5
21 827.6
21 827.7
21 827.8
21 827.9
21 828
21 828.1
21 828.2
21 828.3
21 828.4
21 828.5
21 828.6
21 828.7
21 828.8
21 828.9
21 829
21 829.1
21 829.2
21 829.3
21 829.4
21 829.5
21 829.6
22 829.7
22 829.8
22 829.9
22 830
22 830.1
22 830.2
22 830.3
22 830.4
22 830.5
22 830.6
22 830.7
22 830.8
22 830.9
22 831
22 831.1
22 831.2
22 831.3
22 831.4
22 831.5
22 831.6
22 831.7
22 831.8
22 831.9
22 832
22 832.1
22 832.2
22 832.3
22 832.4
22 832.5
22 832.6
22 832.7
22 832.8
22 832.9
22 833
23 833.1
23 833.2
23 833.3
23 833.4
23 833.5
23 833.6
23 833.7
23 833.8
23 833.9
23 834
23 834.1
23 834.2
23 834.3
23 834.4
23 834.5
23 834.6
23 834.7
23 834.8
24 834.9
24 835
24 835.1
24 835.2
24 835.3
24 835.4
24 835.5
24 835.6
24 835.7
24 835.8
24 835.9
24 836
24 836.1
24 836.2
24 836.3
24 836.4
24 836.5
24 836.6
24 836.7
24 836.8
24 836.9
25 837
25 837.1
25 837.2
25 837.3
25 837.4
25 837.5
25 837.6
25 837.7
25 837.8
25 837.9
25 838
25 838.1
25 838.2
25 838.3
25 838.4
25 838.5
26 838.6
26 838.7
26 838.8
26 838.9
26 839
26 839.1
26 839.2
26 839.3
26 839.4
26 839.5
26 839.6
26 839.7
26 839.8
26 839.9
26 840
26 840.1
26 840.2
26 840.3
26 840.4
27 840.5
27 840.6
27 840.7
27 840.8
27 840.9
27 841
27 841.1
27 841.2
27 841.3
27 841.4
27 841.5
27 841.6
27 841.7
27 841.8
27 841.9
27 842
27 842.1
28 842.2
28 842.3
28 842.4
28 842.5
28 842.6
28 842.7
28 842.8
28 842.9
28 843
28 843.1
28 843.2
28 843.3
28 843.4
28 843.5
28 843.6
28 843.7
28 843.8
28 843.9
29 844
29 844.1
29 844.2
29 844.3
29 844.4
29 844.5
29 844.6
29 844.7
29 844.8
29 844.9
29 845
29 845.1
29 845.2
29 845.3
29 845.4
29 845.5
29 845.6
29 845.7
29 845.8
30 845.9
30 846
30 846.1
30 846.2
30 846.3
30 846.4
30 846.5
30 846.6
30 846.7
30 846.8
30 846.9
30 847
30 847.1
30 847.2
30 847.3
30 847.4
30 847.5
30 847.6
31 847.7
31 847.8
31 847.9
31 848
31 848.1
31 848.2
31 848.3
31 848.4
31 848.5
31 848.6
31 848.7
31 848.8
31 848.9
31 849
31 849.1
31 849.2
32 849.3
32 849.4
32 849.5
32 849.6
32 849.7
32 849.8
32 849.9
32 850
32 850.1
32 850.2
32 850.3
32 850.4
32 850.5
32 850.6
32 850.7
32 850.8
32 850.9
32 851
33 851.1
33 851.2
33 851.3
33 851.4
33 851.5
33 851.6
33 851.7
33 851.8
33 851.9
33 852
34 852.1
34 852.2
34 852.3
34 852.4
34 852.5
34 852.6
34 852.7
34 852.8
34 852.9
34 853
34 853.1
34 853.2
34 853.3
34 853.4
35 853.5
35 853.6
35 853.7
35 853.8
35 853.9
35 854
35 854.1
35 854.2
35 854.3
35 854.4
35 854.5
36 854.6
36 854.7
36 854.8
36 854.9
37 855
37 855.1
37 855.2
37 855.3
37 855.4
37 855.5
37 855.6
38 855.7
38 855.8
38 855.9
38 856
38 856.1
39 856.2
39 856.3
39 856.4
39 856.5
40 856.6
40 856.7
40 856.8
40 856.9
40 857
40 857.1
41 857.2
41 857.3
41 857.4
42 857.5
42 857.6
42 857.7
42 857.8
42 857.9
42 858
42 858.1
42 858.2
42 858.3
43 858.4
43 858.5
43 858.6
44 858.7
44 858.8
44 858.9
44 859
44 859.1
44 859.2
44 859.3
44 859.4
44 859.5
45 859.6
45 859.7
45 859.8
45 859.9
45 860
45 860.1
46 860.2
46 860.3
46 860.4
46 860.5
46 860.6
47 860.7
47 860.8
48 860.9
48 861
48 861.1
48 861.2
48 861.3
48 861.4
48 861.5
48 861.6
48 861.7
49 861.8
49 861.9
50 862
50 862.1
50 862.2
50 862.3
50 862.4
50 862.5
50 862.6
51 862.7
51 862.8
51 862.9
51 863
51 863.1
52 863.2
52 863.3
52 863.4
52 863.5
53 863.6
53 863.7
53 863.8
53 863.9
53 864
54 864.1
54 864.2
54 864.3
55 864.4
55 864.5
55 864.6
56 864.7
56 864.8
56 864.9
57 865
57 865.1
57 865.2
57 865.3
59 865.4
59 865.5
59 865.6
60 865.7
61 865.8
61 865.9
62 866
62 866.1
62 866.2
63 866.3
63 866.4
63 866.5
64 866.6
64 866.7
65 866.8
66 866.9
66 867
67 867.1
67 867.2
67 867.3
67 867.4
69 867.5
69 867.6
69 867.7
71 867.8
73 867.9
76 868
76 868.1
76 868.2
76 868.3
76 868.4
77 868.5
79 868.6
79 868.7
83 868.8
84 868.9
84 869
84 869.1
85 869.2
87 869.3
88 869.4
89 869.5
91 869.6
92 869.7
93 869.8
95 869.9
96 870
96 870.1
101 870.2
105 870.3
113 870.4
113 870.5
117 870.6
125 870.7
136 870.8
140 870.9
143 871
148 871.1
150 871.2
151 871.3
160 871.4
169 871.5
195 871.6
242 871.7
286 871.8
302 871.9
321 872
547 872.1
586 872.2
663 872.3
778 872.4
836 872.5
881 872.6
961 872.7
1115 872.8
1131 872.9
1222 873
1341 873.1
1415 873.2
1647 873.3
1696 873.4
1859 873.5
1989 873.6
2012 873.7
2760 873.8
3684 873.9
